#|num|weight|mean|covariance matrix|
|0|0.003008191|413.9863 370.2246 224.9333|23.52629 4.247462 -1.826439 4.247462 13.56159 -0.8450538 -1.826439 -0.8450538 27.10416|
|1|0.001317765|403.0648 401.5766 271.4653|14.16545 3.794928 -1.467612 3.794928 11.15981 -3.690448 -1.467612 -3.690448 15.03882|
|2|0.00209053|410.8109 388.8888 243.9397|52.80253 -6.029502 -19.05327 -6.029502 8.164374 7.370556 -19.05327 7.370556 23.86946|
|3|0.00272018|304.1952 334.8071 301.5833|29.47881 8.780075 6.502884 8.780075 15.4083 2.573808 6.502884 2.573808 16.93292|
|4|0.003337416|331.0974 384.4993 281.3138|26.75089 6.787442 16.01631 6.787442 39.0134 39.1963 16.01631 39.1963 63.02684|
|5|0.002763791|359.5031 343.7443 290.7222|13.97067 7.539938 1.173748 7.539938 36.90115 -5.402651 1.173748 -5.402651 16.33601|
|6|0.00175694|385.4208 361.3882 288.8063|38.30187 3.464341 -37.95792 3.464341 4.70806 -3.354769 -37.95792 -3.354769 67.3051|
|7|0.0005780707|386.9405 385.1265 465.2168|1.723565 -4.032267 -0.9877352 -4.032267 33.3394 6.837368 -0.9877352 6.837368 13.25034|
|8|0.00169236|385.6735 342.3288 331.0818|16.86661 -6.182093 -2.915258 -6.182093 22.43794 -12.24694 -2.915258 -12.24694 19.79212|
|9|0.002635627|315.728 338.4293 258.1467|37.5631 -13.49422 24.54225 -13.49422 17.6709 -9.270999 24.54225 -9.270999 34.47982|
|10|0.001261672|399.6164 344.2053 463.995|9.843496 8.626949 0.6693358 8.626949 11.28493 6.560568 0.6693358 6.560568 100.0508|
|11|0.001598656|384.2422 415.3989 368.7385|11.99801 -9.183396 28.5238 -9.183396 15.72956 -12.58287 28.5238 -12.58287 137.4731|
|12|0.002039843|341.6249 375.4917 349.4647|134.3564 -40.66256 23.48581 -40.66256 27.81533 -12.82692 23.48581 -12.82692 11.64684|
|13|0.001531532|363.9152 314.2679 381.8032|31.72261 -16.96204 74.94684 -16.96204 11.70374 -42.73607 74.94684 -42.73607 317.8242|
|14|0.001735236|343.4662 394.1744 379.3058|86.18665 51.96194 -12.50943 51.96194 50.93114 -11.26366 -12.50943 -11.26366 8.97437|
|15|0.001667988|400.8313 325.9148 535.1144|17.72547 -2.181134 0.7441914 -2.181134 17.24293 -7.338322 0.7441914 -7.338322 16.41124|
|16|0.004757031|339.9915 391.623 297.7922|23.03981 2.680046 2.929248 2.680046 67.57372 44.95853 2.929248 44.95853 52.11617|
|17|0.002222827|342.6903 403.5153 312.6227|17.20964 -6.979669 -14.35823 -6.979669 20.52522 14.39462 -14.35823 14.39462 44.43445|
|18|0.0008461448|395.3548 400.8841 399.361|3.459667 -1.123845 -1.731937 -1.123845 31.20403 -9.391122 -1.731937 -9.391122 16.76029|
|19|0.001854639|358.9268 411.1571 470.3771|16.42071 -6.375209 -0.605078 -6.375209 37.58109 7.924349 -0.605078 7.924349 8.124581|
|20|0.002182326|386.5731 357.9642 351.6387|22.36189 2.166137 4.682369 2.166137 70.39231 13.7754 4.682369 13.7754 13.42071|
|21|0.002210613|357.7393 410.4485 419.8451|4.275758 8.767123 -11.3915 8.767123 49.43365 -51.55856 -11.3915 -51.55856 166.9939|
|22|0.001335997|364.0037 347.5382 364.0588|12.67574 -4.120874 -9.573275 -4.120874 25.44411 39.08255 -9.573275 39.08255 78.5975|
|23|0.001724104|372.4065 396.184 380.4394|69.11852 -31.86738 20.99715 -31.86738 30.16432 -26.60769 20.99715 -26.60769 37.46787|
|24|0.001487931|319.2697 378.118 354.1144|15.95764 -6.108485 5.085369 -6.108485 10.48113 3.491573 5.085369 3.491573 38.9566|
|25|0.002904796|401.8297 380.8055 252.7287|29.41219 7.126713 -10.9598 7.126713 27.23442 -13.21271 -10.9598 -13.21271 25.75739|
|26|0.001965392|401.7378 395.7587 297.69|27.63198 20.9003 -12.21658 20.9003 29.3115 -31.56675 -12.21658 -31.56675 69.51151|
|27|0.001410846|359.6314 333.7712 493.878|18.0408 -6.473541 1.545762 -6.473541 6.080392 -3.319528 1.545762 -3.319528 29.94168|
|28|0.0009614635|341.6982 408.2693 389.4001|7.12537 0.9912052 -0.250433 0.9912052 13.57146 -9.25583 -0.250433 -9.25583 25.10481|
|29|0.002742103|345.8143 360.1708 256.5898|97.0236 62.23309 -76.45278 62.23309 67.16869 -64.50348 -76.45278 -64.50348 75.59422|
|30|0.001825808|364.5417 419.9377 449.7997|22.05504 -3.883846 -23.29909 -3.883846 7.825163 19.98933 -23.29909 19.98933 93.91869|
|31|0.0006923068|384.4041 357.5956 326.7349|29.71201 -12.01657 -13.83464 -12.01657 15.10649 8.696019 -13.83464 8.696019 11.52441|
|32|0.001420156|343.5303 400.6602 408.654|20.70514 2.942749 0.9466855 2.942749 9.847512 -7.628588 0.9466855 -7.628588 22.59513|
|33|0.002149064|353.8608 332.4756 458.2824|16.94224 -6.270913 -5.890785 -6.270913 20.72384 26.21596 -5.890785 26.21596 58.85028|
|34|0.0007370457|369.3378 423.6353 347.2946|16.17045 -1.777999 -2.748613 -1.777999 4.624366 3.775039 -2.748613 3.775039 14.5139|
|35|0.0007609956|406.7985 360.4833 456.8277|2.071878 -0.5642902 -4.997274 -0.5642902 19.65088 -3.670336 -4.997274 -3.670336 43.67334|
|36|0.001747101|325.6228 379.0888 385.402|23.86931 4.895542 16.57919 4.895542 25.27896 -24.12938 16.57919 -24.12938 56.12965|
|37|0.002052329|358.2022 342.6725 425.7432|18.76028 -13.74125 13.73665 -13.74125 75.71746 -42.14659 13.73665 -42.14659 37.79899|
|38|0.001182734|368.8685 311.8913 361.9325|25.9223 5.733936 8.386257 5.733936 14.6138 5.189577 8.386257 5.189577 14.01393|
|39|0.001612872|351.6242 345.0758 498.0711|7.493082 -5.210672 4.880003 -5.210672 28.12692 -1.352849 4.880003 -1.352849 20.61654|
|40|0.004859514|294.3561 337.5693 277.0178|26.59097 11.09898 1.114513 11.09898 20.64278 3.624728 1.114513 3.624728 33.03339|
|41|0.001418141|370.9127 412.7635 469.9043|27.01192 -13.33525 -10.59114 -13.33525 32.04003 2.945224 -10.59114 2.945224 9.517365|
|42|0.001542413|346.6255 330.0955 306.9475|22.27128 -0.4779491 -12.31498 -0.4779491 6.28215 4.935368 -12.31498 4.935368 40.83002|
|43|0.0008427866|386.9601 362.6139 477.7806|29.06797 12.40598 -7.061186 12.40598 17.33932 -12.79709 -7.061186 -12.79709 16.50305|
|44|0.002704203|389.0763 316.2202 364.5287|32.29368 -10.44252 -3.621756 -10.44252 33.2037 -5.67198 -3.621756 -5.67198 11.66859|
|45|0.002489424|351.3023 391.4555 384.8326|98.12478 74.34113 -7.443301 74.34113 134.8358 -14.39273 -7.443301 -14.39273 6.281335|
|46|0.0005993472|399.6725 361.3507 373.6664|4.487237 3.716962 -0.01915 3.716962 13.26367 2.710573 -0.01915 2.710573 15.13531|
|47|0.001593751|403.1345 366.6288 261.5399|8.360656 1.246311 -12.74115 1.246311 10.21067 11.33655 -12.74115 11.33655 76.21393|
|48|0.003340246|378.1756 419.2008 412.9481|11.01291 -10.35556 14.38019 -10.35556 23.15174 -34.01726 14.38019 -34.01726 152.1389|
|49|0.001081397|380.7266 315.8634 389.3365|13.41806 9.978542 9.642444 9.978542 16.70535 4.836729 9.642444 4.836729 30.6742|
|50|0.002051113|327.9425 364.8052 378.7895|31.75497 -36.04798 27.6036 -36.04798 78.02351 -69.03391 27.6036 -69.03391 73.26493|
|51|0.00416392|399.1551 372.8915 265.352|64.17584 4.481211 -126.1702 4.481211 6.316092 -5.643494 -126.1702 -5.643494 317.0258|
|52|0.002627494|339.5632 405.336 337.7721|15.36013 4.076883 -1.8775 4.076883 15.10304 -0.5610021 -1.8775 -0.5610021 50.27214|
|53|0.003141942|390.5585 333.7672 528.3865|33.63228 30.49566 8.178343 30.49566 64.11131 14.3401 8.178343 14.3401 16.96948|
|54|0.001065875|400.1054 371.9006 412.9269|3.109366 -1.001684 -1.297602 -1.001684 16.64197 -11.16632 -1.297602 -11.16632 44.38849|
|55|0.001293548|377.5231 391.6443 473.3958|22.71314 -14.00706 1.843492 -14.00706 28.37616 -6.149067 1.843492 -6.149067 5.654374|
|56|0.001361686|354.6544 341.5134 388.5771|42.04467 -17.60869 42.55692 -17.60869 30.69017 -54.6311 42.55692 -54.6311 108.0541|
|57|0.001967512|335.7229 339.7522 315.97|4.796842 0.6310781 -8.388683 0.6310781 18.88044 3.459137 -8.388683 3.459137 90.77287|
|58|0.003625952|400.7433 373.7098 324.8033|33.15149 20.31398 1.195743 20.31398 98.74039 -68.03289 1.195743 -68.03289 63.58189|
|59|0.001970404|321.1475 377.6753 266.8877|47.45327 -0.4822833 -7.201506 -0.4822833 14.10796 2.328053 -7.201506 2.328053 12.50736|
|60|0.001469194|363.0563 358.2367 422.9064|42.90602 9.023067 48.75256 9.023067 15.78982 11.7398 48.75256 11.7398 65.78199|
|61|0.002005551|336.8868 391.0329 407.2456|8.105512 4.086732 -2.419825 4.086732 28.17557 -5.929099 -2.419825 -5.929099 29.32307|
|62|0.001139872|339.3769 413.6668 355.7918|7.832574 4.194713 0.8394588 4.194713 17.02114 -4.882174 0.8394588 -4.882174 22.03908|
|63|0.0007513362|381.1687 352.7841 366.4368|23.50769 -0.3031707 27.81656 -0.3031707 0.4674305 -2.825259 27.81656 -2.825259 282.6685|
|64|0.001839009|341.309 390.2697 425.6584|40.46732 54.43521 111.777 54.43521 81.60591 146.9249 111.777 146.9249 356.8107|
|65|0.001047307|325.421 357.8787 396.3795|21.15322 -30.78847 24.36316 -30.78847 51.77396 -35.36477 24.36316 -35.36477 46.36008|
|66|0.004103994|346.8924 349.115 253.9385|77.27396 49.50192 -54.32867 49.50192 46.31984 -37.49161 -54.32867 -37.49161 65.34856|
|67|0.0004083892|367.4909 382.2087 319.7937|3.416177 -2.015973 4.98212 -2.015973 26.56872 -21.09007 4.98212 -21.09007 24.16326|
|68|0.0004051278|385.1064 404.3307 426.1962|0.4888977 -0.09968856 -1.016875 -0.09968856 13.95415 12.57397 -1.016875 12.57397 60.55375|
|69|0.004098846|416.4244 380.6402 240.6715|34.91784 3.410633 -12.09655 3.410633 14.80679 9.251128 -12.09655 9.251128 32.99556|
|70|0.001184278|374.0566 356.7683 324.7413|9.284442 3.723356 17.9186 3.723356 6.57867 3.481025 17.9186 3.481025 124.7748|
|71|0.002205704|362.9554 413.4562 462.9932|19.69341 -2.542106 2.832947 -2.542106 24.49898 -3.05171 2.832947 -3.05171 10.08171|
|72|0.0006725675|366.2262 331.4691 507.5884|46.62088 -40.67748 58.50235 -40.67748 37.34926 -52.3966 58.50235 -52.3966 100.6503|
|73|0.00254084|379.5428 334.1926 434.7211|12.51479 -0.6094462 5.737119 -0.6094462 69.74511 38.65186 5.737119 38.65186 52.03774|
|74|0.00198113|382.7371 347.1518 527.09|49.80293 3.662648 -5.979322 3.662648 26.95452 -28.28185 -5.979322 -28.28185 38.40926|
|75|0.003472736|410.2599 381.5771 298.6438|28.07763 29.89218 -15.382 29.89218 62.60957 -51.91088 -15.382 -51.91088 69.01044|
|76|0.001001071|361.3854 311.5197 347.6069|26.46979 -13.08059 25.22759 -13.08059 13.09927 -18.53477 25.22759 -18.53477 39.21266|
|77|0.0005059081|386.0912 375.1348 439.0356|28.86818 4.793613 23.96603 4.793613 1.600796 2.648312 23.96603 2.648312 42.6124|
|78|0.0008111687|384.2383 401.8878 356.2644|3.78445 5.645284 5.540985 5.645284 31.217 11.61504 5.540985 11.61504 27.00105|
|79|0.00116802|357.7877 358.7617 495.949|19.81547 10.82323 -4.941673 10.82323 13.19314 -11.95873 -4.941673 -11.95873 27.59066|
|80|0.001379047|356.4064 366.9991 417.1903|20.70413 36.29457 60.76726 36.29457 96.28649 111.0252 60.76726 111.0252 198.0544|
|81|0.001359759|368.6397 398.3919 317.6768|19.70105 -35.98492 -49.70922 -35.98492 127.941 144.7965 -49.70922 144.7965 177.4096|
|82|0.000708487|351.0207 322.5172 381.204|19.32685 -17.74319 -6.073157 -17.74319 19.96777 11.7035 -6.073157 11.7035 28.84083|
|83|0.002529974|375.7608 372.2198 239.9037|29.37078 -3.574982 -12.60268 -3.574982 27.5388 -0.5387895 -12.60268 -0.5387895 14.24327|
|84|0.000692791|398.1699 380.3324 399.7884|1.738158 4.398846 0.9411229 4.398846 109.2224 -16.58268 0.9411229 -16.58268 11.77909|
|85|0.002582568|395.1409 348.1091 516.7449|26.14465 -9.493874 17.32801 -9.493874 20.06155 -10.18334 17.32801 -10.18334 41.29556|
|86|0.002733567|337.2773 357.4744 370.7395|26.00193 -27.28273 -14.69288 -27.28273 76.41521 42.03275 -14.69288 42.03275 41.17427|
|87|0.002795542|379.4958 320.8489 401.9637|4.005471 -1.115662 15.35958 -1.115662 27.82521 -19.99446 15.35958 -19.99446 228.9275|
|88|0.004833262|319.6777 372.1888 314.819|15.77738 11.25329 29.30026 11.25329 54.99155 157.057 29.30026 157.057 498.9483|
|89|0.001393615|342.5949 340.4184 454.4581|12.15695 -11.01692 11.26302 -11.01692 23.37672 -3.540303 11.26302 -3.540303 33.14578|
|90|0.001438805|396.4633 373.9787 375.1818|6.799913 -11.74695 0.08882164 -11.74695 32.17844 14.12279 0.08882164 14.12279 83.25764|
|91|0.002958343|367.1649 370.7372 339.1856|41.33374 54.59838 4.578932 54.59838 88.05847 1.56252 4.578932 1.56252 38.70132|
|92|0.002213817|356.3965 344.6626 495.0331|52.25877 -24.40311 139.9883 -24.40311 27.99266 -63.6162 139.9883 -63.6162 403.6705|
|93|0.001604175|351.2092 409.9953 379.3454|33.77584 5.77556 -6.975765 5.77556 11.0229 -0.8945958 -6.975765 -0.8945958 19.80683|
|94|0.0004329701|356.0314 348.3301 384.64|35.17685 10.46493 -6.659455 10.46493 8.090091 -9.903915 -6.659455 -9.903915 16.6426|
|95|0.003715545|335.3324 394.4183 348.5935|42.79178 34.34414 40.09012 34.34414 61.95678 52.27349 40.09012 52.27349 77.67683|
|96|0.001281896|355.9943 326.8203 431.1451|21.29388 -12.87401 -28.2871 -12.87401 17.03938 12.43953 -28.2871 12.43953 67.69026|
|97|0.001109657|388.5847 339.145 463.3711|15.22099 3.53522 19.98668 3.53522 6.272176 14.27874 19.98668 14.27874 90.28507|
|98|0.004531261|348.1674 367.2996 362.2897|28.66914 2.320086 -6.422899 2.320086 49.79299 -11.6647 -6.422899 -11.6647 19.89352|
|99|0.001589523|365.9476 367.4165 378.357|29.27809 14.09408 -28.45105 14.09408 41.12807 0.410556 -28.45105 0.410556 43.29617|
|100|0.001598511|375.9363 363.4164 309.2469|190.2601 201.1459 -153.635 201.1459 223.4202 -169.4797 -153.635 -169.4797 136.6462|
|101|0.003737546|411.5237 368.1758 325.6773|10.65296 22.42951 -16.52077 22.42951 124.4851 -73.05627 -16.52077 -73.05627 71.08309|
|102|0.003598549|378.841 348.6087 506.7614|18.83443 -4.842634 3.660176 -4.842634 26.64328 21.62551 3.660176 21.62551 70.48818|
|103|0.001416732|311.021 365.2607 277.3932|6.46413 6.281783 -1.062749 6.281783 56.69965 -35.10141 -1.062749 -35.10141 39.16424|
|104|0.001005697|357.971 385.0423 471.8901|52.69809 45.78793 5.565655 45.78793 57.75241 -3.084095 5.565655 -3.084095 7.114802|
|105|0.002888679|376.3724 372.1215 415.6351|17.45856 28.19735 -8.129933 28.19735 130.3915 -117.2506 -8.129933 -117.2506 162.6996|
|106|0.00306386|342.7197 351.7046 241.5693|48.33654 12.04554 -21.58929 12.04554 30.62416 -14.77819 -21.58929 -14.77819 24.75325|
|107|0.003739992|337.7792 383.3776 355.2813|57.06681 -22.30158 2.198897 -22.30158 46.11451 -3.682949 2.198897 -3.682949 13.57927|
|108|0.001930073|368.5938 321.7939 349.8395|41.14664 -11.85201 50.80468 -11.85201 45.15595 -23.01425 50.80468 -23.01425 71.21588|
|109|0.0006788954|352.7997 361.5022 288.8715|36.11687 -4.53503 4.923892 -4.53503 6.137377 6.000845 4.923892 6.000845 14.89797|
|110|0.004500199|344.697 396.2808 400.1263|11.07213 1.099321 4.796925 1.099321 64.86449 -133.7812 4.796925 -133.7812 363.2225|
|111|0.0009164346|394.575 380.3871 356.0253|7.946969 -6.341472 2.926214 -6.341472 20.31965 -0.6246549 2.926214 -0.6246549 10.44682|
|112|0.001797511|348.9879 319.3444 349.3521|53.23215 -44.87852 26.01004 -44.87852 46.40294 -18.14889 26.01004 -18.14889 31.01648|
|113|0.001303058|351.2911 344.5377 249.282|19.45698 13.10843 -8.44715 13.10843 15.39053 -7.266387 -8.44715 -7.266387 23.11108|
|114|0.0009066517|401.7797 380.2644 326.123|26.28301 3.129502 13.33739 3.129502 20.62649 -13.99896 13.33739 -13.99896 22.18172|
|115|0.001177898|342.9423 362.7552 385.124|27.84239 -40.7334 17.21616 -40.7334 169.5393 -48.79874 17.21616 -48.79874 19.23617|
|116|0.004372602|375.0521 401.0047 404.4378|55.11128 23.75482 -38.58913 23.75482 26.73751 -10.58368 -38.58913 -10.58368 66.40549|
|117|0.00295827|356.1182 335.611 444.2012|30.63019 -13.48217 -6.511813 -13.48217 31.4487 7.054281 -6.511813 7.054281 50.25452|
|118|0.002519225|347.4662 389.9821 448.6212|20.98292 34.6981 4.166358 34.6981 90.37573 -15.40111 4.166358 -15.40111 43.10253|
|119|0.001446888|373.5233 382.994 472.2527|31.15873 -11.59197 -5.284503 -11.59197 19.86634 1.716543 -5.284503 1.716543 8.01364|
|120|0.002290688|338.2122 364.9993 317.9578|20.16235 -16.35623 0.2710706 -16.35623 44.43665 4.574217 0.2710706 4.574217 20.78839|
|121|0.0004610817|370.9825 352.1013 382.6649|16.7498 3.64117 8.235035 3.64117 15.31627 37.72117 8.235035 37.72117 95.60702|
|122|0.002367856|329.7171 360.6572 400.2626|48.67401 -63.50694 112.5161 -63.50694 96.95632 -161.9893 112.5161 -161.9893 308.7121|
|123|0.002194303|366.7716 392.3447 340.7919|18.15168 -34.44216 -48.80785 -34.44216 86.83616 138.0688 -48.80785 138.0688 279.199|
|124|0.003197825|364.2769 333.4085 351.2346|26.10266 1.472583 8.984165 1.472583 28.84456 6.543828 8.984165 6.543828 28.74873|
|125|0.002405129|368.701 360.934 486.351|23.2844 -9.576721 33.46774 -9.576721 13.74368 -37.54103 33.46774 -37.54103 170.3516|
|126|0.003802642|383.641 352.8529 443.6878|54.49242 0.2579711 41.34517 0.2579711 25.20578 -15.4967 41.34517 -15.4967 63.69452|
|127|0.003850772|321.759 368.3861 319.7776|23.36378 17.09616 57.82018 17.09616 61.49648 164.6647 57.82018 164.6647 483.1636|
|128|0.001159625|352.8005 407.508 440.7149|7.450778 11.6751 5.119342 11.6751 33.10345 30.03383 5.119342 30.03383 80.54457|
|129|0.002386744|386.9969 357.3651 473.6945|46.65612 -20.93918 19.33791 -20.93918 30.43856 -22.05356 19.33791 -22.05356 32.47431|
|130|0.001742569|348.3744 372.4893 466.2657|14.55623 14.80698 -0.1155656 14.80698 50.97433 -10.83151 -0.1155656 -10.83151 17.06657|
|131|0.001803087|343.0517 387.6984 416.8865|54.75917 61.10183 102.0247 61.10183 74.81062 95.79848 102.0247 95.79848 274.1409|
|132|0.00293813|376.9582 368.9848 375.7066|41.11524 82.12162 22.05309 82.12162 220.3572 56.8467 22.05309 56.8467 27.59107|
|133|0.00354118|338.978 360.9651 357.952|27.6873 -9.610282 -26.01507 -9.610282 43.02187 8.59936 -26.01507 8.59936 46.4322|
|134|0.003064727|369.5603 330.6136 446.2291|28.94292 -29.23582 -38.88641 -29.23582 79.3731 68.66657 -38.88641 68.66657 95.346|
|135|0.00216644|389.5384 401.94 398.7955|9.073242 0.4026683 -11.27284 0.4026683 31.74428 -6.01843 -11.27284 -6.01843 44.03867|
|136|0.001351643|379.9865 397.0111 427.4526|10.06726 -6.329131 -27.49691 -6.329131 37.51216 88.44218 -27.49691 88.44218 243.5757|
|137|0.001651383|366.0915 335.9119 413.7138|20.28848 7.585303 -6.238451 7.585303 10.20681 -13.80465 -6.238451 -13.80465 72.18818|
|138|0.001688516|343.3972 325.3239 328.5005|24.27608 -18.90073 21.79449 -18.90073 23.94725 -33.07427 21.79449 -33.07427 83.08124|
|139|0.003231177|365.8525 416.5091 351.8897|39.78202 6.443743 12.15657 6.443743 15.8262 6.124744 12.15657 6.124744 32.68827|
|140|0.001322866|396.2303 368.2554 254.2616|17.96255 -9.068129 -21.5354 -9.068129 14.18862 9.141718 -21.5354 9.141718 44.06741|
|141|0.001366634|336.6497 357.4579 442.2792|1.640096 -1.245511 0.228461 -1.245511 50.50616 9.377327 0.228461 9.377327 51.58511|
|142|0.001268353|341.2308 358.4286 461.8819|8.428663 -7.916535 17.00335 -7.916535 38.61748 -13.62372 17.00335 -13.62372 49.07151|
|143|0.001039668|377.291 351.0253 424.9794|48.27607 -8.702516 5.426774 -8.702516 8.305869 -8.112864 5.426774 -8.112864 17.42828|
|144|0.001123006|376.4508 332.692 448.2382|10.98448 13.99419 0.3935787 13.99419 41.29122 2.845231 0.3935787 2.845231 12.77333|
|145|0.002846311|359.8778 354.8699 491.1322|23.44687 4.096922 12.22096 4.096922 14.10318 -20.88689 12.22096 -20.88689 93.61627|
|146|0.002227159|386.9587 360.127 367.0807|12.12944 1.173914 17.43657 1.173914 12.42779 -4.34544 17.43657 -4.34544 76.5465|
|147|0.003479493|400.5173 334.0806 352.8073|19.86015 17.52391 -9.172113 17.52391 126.1841 -65.21157 -9.172113 -65.21157 43.61553|
|148|0.001983079|367.5735 355.0819 436.7397|120.285 -54.93132 141.0112 -54.93132 61.44617 -70.58958 141.0112 -70.58958 172.9185|
|149|0.003304391|384.8746 378.6459 313.1945|87.83585 38.22382 -58.96139 38.22382 31.43181 -18.95504 -58.96139 -18.95504 72.22815|
|150|0.001918262|320.1602 352.0859 252.9725|48.09169 25.84038 3.35232 25.84038 26.63574 4.861204 3.35232 4.861204 14.36599|
|151|0.001509025|349.7223 409.5746 355.4008|44.14412 -2.596602 19.70361 -2.596602 19.63667 -7.330504 19.70361 -7.330504 20.32299|
|152|0.001150874|353.2468 416.0022 465.7668|5.565018 4.522367 1.011673 4.522367 24.74881 6.621357 1.011673 6.621357 17.79036|
|153|0.003235054|370.8558 351.6739 327.4673|139.6939 16.04907 60.79794 16.04907 8.233663 5.367226 60.79794 5.367226 49.3526|
|154|0.00135273|361.3133 377.6202 406.1331|75.94093 2.755758 -26.45276 2.755758 37.83749 8.010767 -26.45276 8.010767 15.31349|
|155|0.001813925|356.2499 403.7245 350.2016|72.55974 -26.18376 23.30886 -26.18376 18.96571 -14.77877 23.30886 -14.77877 26.08722|
|156|0.00107549|344.5802 333.6915 378.1629|7.080197 -5.501787 1.028787 -5.501787 12.04574 -6.470977 1.028787 -6.470977 50.18121|
|157|0.001265043|372.7695 416.0937 456.6784|12.0789 -3.693738 1.217767 -3.693738 7.485302 4.567195 1.217767 4.567195 50.84572|
|158|0.002290023|390.8862 376.7104 287.1031|31.33685 2.96245 4.437936 2.96245 7.508637 0.4795857 4.437936 0.4795857 47.09225|
|159|0.0029463|325.148 356.7134 293.0519|60.76961 17.68658 41.57583 17.68658 17.1116 23.50928 41.57583 23.50928 71.70892|
|160|0.001829883|413.9459 403.1836 280.0676|19.72467 -3.473163 16.35167 -3.473163 7.484024 -2.693241 16.35167 -2.693241 40.76764|
|161|0.001740181|370.9135 423.9637 421.8302|12.68039 -4.231159 4.939927 -4.231159 16.81985 -31.85243 4.939927 -31.85243 83.36205|
|162|0.001320514|362.0616 422.2393 468.1225|17.88618 -3.055308 0.4153932 -3.055308 7.873858 0.017491 0.4153932 0.017491 12.57186|
|163|0.001205276|400.7682 358.9696 475.2767|9.374264 0.603366 -11.66603 0.603366 27.00891 -21.2648 -11.66603 -21.2648 42.27501|
|164|0.0009349189|382.3693 357.8138 514.6074|15.41847 -5.616433 -3.900393 -5.616433 7.870795 7.130541 -3.900393 7.130541 32.66773|
|165|0.001018671|375.3931 309.1205 419.4214|12.11947 1.257136 1.379282 1.257136 3.474498 5.925719 1.379282 5.925719 58.18966|
|166|0.002185305|357.2546 339.7875 477.5812|18.38236 -7.187022 11.33428 -7.187022 8.3166 -11.29977 11.33428 -11.29977 150.8474|
|167|0.002733622|373.0493 424.0995 377.4259|16.95905 -6.49651 -13.50641 -6.49651 11.10605 29.74829 -13.50641 29.74829 190.4714|
|168|0.001274105|354.3381 331.6421 323.5695|14.69897 -4.462867 27.19771 -4.462867 33.81642 -26.96832 27.19771 -26.96832 73.82954|
|169|0.004055229|367.7546 406.0949 454.099|25.95397 3.510889 9.829568 3.510889 17.6649 4.339675 9.829568 4.339675 53.56649|
|170|0.004875872|373.8799 371.5226 351.2989|8.99542 13.85017 6.32239 13.85017 43.74413 6.061903 6.32239 6.061903 356.0989|
|171|0.002131374|367.9497 346.5477 468.2224|38.01208 18.26584 4.737719 18.26584 29.36679 -4.264128 4.737719 -4.264128 20.2444|
|172|0.0033424|388.0925 376.595 356.6032|25.31733 -21.41743 16.19018 -21.41743 54.30583 -6.529291 16.19018 -6.529291 31.70748|
|173|0.0003577004|377.1156 365.7173 328.1222|3.062766 -7.301749 8.757461 -7.301749 25.90984 -13.17188 8.757461 -13.17188 53.19999|
|174|0.0009558899|344.4658 415.6133 343.899|19.31967 2.385808 9.316706 2.385808 9.723502 10.25219 9.316706 10.25219 24.5431|
|175|0.0005640339|376.9643 323.3653 530.2333|21.70463 -8.122054 -7.361163 -8.122054 12.90792 14.09247 -7.361163 14.09247 20.64741|
|176|0.002596502|338.5945 337.9222 344.0443|8.787333 -1.888185 5.922671 -1.888185 36.88031 -2.451419 5.922671 -2.451419 33.87045|
|177|0.0006823911|384.2589 323.8376 400.1317|4.763699 -1.5313 -6.889711 -1.5313 23.07372 2.987513 -6.889711 2.987513 24.54625|
|178|0.00270067|394.905 364.6776 377.9345|4.97761 1.920842 3.446578 1.920842 22.70148 26.95298 3.446578 26.95298 164.5355|
|179|0.002058879|377.2014 352.9103 404.4178|14.83165 -2.285714 0.3611056 -2.285714 7.118973 -3.006435 0.3611056 -3.006435 70.91322|
|180|0.001374368|393.3759 371.5984 458.1744|19.77712 -3.987316 7.664875 -3.987316 7.482302 -16.1568 7.664875 -16.1568 76.11659|
|181|0.001243888|365.6505 317.7085 429.2353|14.83093 -15.9053 -14.86448 -15.9053 27.08997 38.95932 -14.86448 38.95932 101.0668|
|182|0.00410066|382.4842 400.0623 379.7718|19.46347 -7.147021 22.47711 -7.147021 30.65309 -56.20555 22.47711 -56.20555 172.9694|
|183|0.002597465|376.548 383.1552 312.4655|32.42032 -34.9727 -52.50127 -34.9727 66.19224 88.89954 -52.50127 88.89954 134.937|
|184|0.004791779|342.8939 359.3536 449.1873|7.850753 0.043919 10.73037 0.043919 67.64548 4.1154 10.73037 4.1154 69.46205|
|185|0.0014548|347.6346 338.0241 288.8839|22.98573 4.580415 -9.99038 4.580415 32.77996 -18.80213 -9.99038 -18.80213 19.81994|
|186|0.001758554|397.6275 338.2623 337.0122|19.98235 4.727529 6.033148 4.727529 13.99992 -14.64296 6.033148 -14.64296 41.73305|
|187|0.004025898|373.3859 316.3329 415.2585|14.82313 -3.315417 3.113567 -3.315417 13.95407 23.22216 3.113567 23.22216 177.7892|
|188|0.003622466|399.1454 360.436 463.1784|13.15443 1.773942 -13.51149 1.773942 24.54635 -16.88061 -13.51149 -16.88061 75.91087|
|189|0.002913484|321.5999 367.6699 276.8307|32.06475 13.02115 15.0663 13.02115 65.3185 -7.515959 15.0663 -7.515959 25.82975|
|190|0.001096969|388.67 332.2161 499.4787|22.1547 -8.533178 11.67602 -8.533178 17.43062 -6.871783 11.67602 -6.871783 16.68887|
|191|0.0009659948|372.5234 368.0986 430.7178|12.33354 9.358948 0.3636966 9.358948 15.61326 -5.696395 0.3636966 -5.696395 19.62052|
|192|0.0006857944|385.0067 418.4392 392.1931|23.99312 -18.9329 10.55656 -18.9329 17.03218 -10.30123 10.55656 -10.30123 42.67025|
|193|0.003025903|380.5838 406.6618 429.3293|8.308668 -1.621603 -26.36597 -1.621603 22.43052 31.18066 -26.36597 31.18066 206.5116|
|194|0.001088729|411.344 395.6456 278.1986|20.73721 -2.559272 16.90561 -2.559272 9.040348 -15.34562 16.90561 -15.34562 47.4211|
|195|0.003840002|353.8267 390.4972 430.8513|26.93794 17.18116 13.1542 17.18116 42.43956 13.99104 13.1542 13.99104 80.24128|
|196|0.001266337|357.2304 364.9857 317.5023|69.6356 -9.038632 -19.31463 -9.038632 6.170305 2.825589 -19.31463 2.825589 15.8836|
|197|0.004975545|380.1997 370.6712 359.4206|9.975506 8.188728 12.47104 8.188728 44.50774 24.50071 12.47104 24.50071 98.59872|
|198|0.002340287|401.9336 322.275 364.5741|24.79121 26.18254 -17.39238 26.18254 59.6615 -21.679 -17.39238 -21.679 22.15245|
|199|0.002258922|377.1409 377.6546 296.2339|155.8112 90.68616 -6.962994 90.68616 61.28743 2.021544 -6.962994 2.021544 17.2193|
|200|0.001684871|394.2794 331.5688 521.2651|53.53531 10.11024 9.237637 10.11024 28.20575 -22.45269 9.237637 -22.45269 31.23903|
|201|0.0002695799|371.3837 364.6586 490.074|6.488186 -0.2026108 -10.43423 -0.2026108 0.4736392 0.3054014 -10.43423 0.3054014 56.84042|
|202|0.001190733|379.7386 341.3655 344.6465|58.79542 42.9483 -87.86912 42.9483 40.75668 -70.97021 -87.86912 -70.97021 148.2407|
|203|0.001714741|373.6445 376.6891 453.4937|51.28107 35.25856 28.82861 35.25856 57.65276 25.50514 28.82861 25.50514 22.33112|
|204|0.0007153719|357.871 392.701 412.5468|6.801723 26.07995 3.093782 26.07995 153.0107 -2.858978 3.093782 -2.858978 10.03409|
|205|0.004401212|360.9223 324.8894 379.2234|41.62546 -30.30673 21.11058 -30.30673 42.92832 -12.50794 21.11058 -12.50794 49.89171|
|206|0.004185552|307.4472 344.9128 273.6806|35.8752 22.63178 -32.23779 22.63178 36.16412 -14.81442 -32.23779 -14.81442 82.93371|
|207|0.003689941|344.2707 336.8727 316.1898|34.61002 -50.34999 63.61877 -50.34999 99.45341 -111.6906 63.61877 -111.6906 159.618|
|208|0.000693708|353.3412 405.533 407.8084|11.83652 32.31002 -1.228176 32.31002 106.3635 -1.685089 -1.228176 -1.685089 8.688931|
|209|0.001199365|391.8564 379.4195 422.8787|14.88717 3.187634 -11.35596 3.187634 93.16451 -116.1788 -11.35596 -116.1788 153.7639|
|210|0.005282308|372.8855 412.75 366.1356|16.50808 -17.15116 -12.15061 -17.15116 38.85877 41.0569 -12.15061 41.0569 119.8508|
|211|0.002168054|381.9301 393.3127 332.4593|8.846405 -6.376963 -24.55283 -6.376963 30.95362 51.89748 -24.55283 51.89748 169.7249|
|212|0.001540303|376.2898 330.0439 497.9538|15.6692 -2.813222 9.834249 -2.813222 10.00311 -16.34561 9.834249 -16.34561 81.5649|
|213|0.002192625|394.1163 368.28 289.7101|14.47118 4.576662 -17.98867 4.576662 17.73347 15.9377 -17.98867 15.9377 87.08365|
|214|0.002729871|362.8171 414.2077 451.3692|20.30748 -3.400374 -14.6761 -3.400374 10.38526 11.90653 -14.6761 11.90653 83.15688|
|215|0.0008978946|400.2047 370.9935 440.7003|14.70122 -9.433761 12.57236 -9.433761 12.1028 2.401273 12.57236 2.401273 50.96266|
|216|0.0006445836|356.7638 370.11 346.8684|45.21095 6.505773 -1.79922 6.505773 4.710445 -0.05495194 -1.79922 -0.05495194 4.110871|
|217|0.004286759|353.1004 377.7058 423.8371|52.21635 73.49354 40.63175 73.49354 126.6113 57.60853 40.63175 57.60853 75.38213|
|218|0.003485462|366.3297 361.6947 238.0497|329.7685 47.17709 -150.9759 47.17709 13.56675 -17.63411 -150.9759 -17.63411 85.52107|
|219|0.002165823|375.2357 361.7638 395.8559|19.43046 7.206908 1.892075 7.206908 22.11742 19.0512 1.892075 19.0512 58.92435|
|220|0.004384986|364.349 325.4319 413.4299|15.61409 -6.070441 21.56521 -6.070441 22.15438 7.680654 21.56521 7.680654 195.7222|
|221|0.001142731|376.7783 399.0178 314.312|20.85792 -6.925681 -2.165087 -6.925681 20.3455 17.8306 -2.165087 17.8306 22.31863|
|222|0.001938563|341.7125 377.8753 427.6518|5.903365 8.346034 -7.011168 8.346034 33.52716 -71.78525 -7.011168 -71.78525 260.5579|
|223|0.002744468|363.8168 340.2079 457.5609|93.49687 -25.78415 208.4918 -25.78415 21.56568 -85.5419 208.4918 -85.5419 549.803|
|224|0.001773761|362.0327 423.7042 391.8069|8.805595 9.137308 13.56888 9.137308 16.21815 17.14118 13.56888 17.14118 118.3151|
|225|0.001971054|401.2594 343.7083 355.9471|16.60033 -6.262584 3.121372 -6.262584 43.84501 -31.1505 3.121372 -31.1505 31.21395|
|226|0.002583716|380.9539 387.1664 464.2205|14.41732 -36.19645 1.834 -36.19645 171.2353 -0.1373518 1.834 -0.1373518 16.61761|
|227|0.003472259|334.9929 369.9884 296.614|15.7929 -29.44799 11.92608 -29.44799 113.3451 -27.77242 11.92608 -27.77242 44.29097|
|228|0.003539076|335.7349 358.6746 395.02|17.87429 -2.785197 14.01663 -2.785197 34.74787 -35.63529 14.01663 -35.63529 63.66027|
|229|0.004195427|383.7547 365.5766 383.5591|23.55011 9.077588 15.31278 9.077588 24.55035 -2.355402 15.31278 -2.355402 89.61369|
|230|0.003560857|359.392 376.222 387.7395|82.48615 86.82461 -20.87581 86.82461 142.4096 -23.84008 -20.87581 -23.84008 14.97586|
|231|0.005357767|328.2668 371.0788 304.7636|14.17137 13.66755 37.29717 13.66755 84.50702 150.4626 37.29717 150.4626 336.4008|
|232|0.001613555|392.5869 390.4085 392.5711|10.81793 -13.69382 24.63371 -13.69382 77.23909 -72.08812 24.63371 -72.08812 109.3521|
|233|0.004942361|380.8382 370.5761 227.9596|68.21505 7.627678 -22.97826 7.627678 28.81415 5.593804 -22.97826 5.593804 22.34596|
|234|0.001601356|370.0698 353.43 518.9737|13.92784 8.71952 4.178549 8.71952 32.77312 -31.34706 4.178549 -31.34706 62.10889|
|235|0.001162138|388.6186 354.3915 391.7056|15.79766 7.611069 -28.72517 7.611069 6.491882 -28.09385 -28.72517 -28.09385 288.6267|
|236|0.00130001|335.8021 358.3174 287.8069|18.22736 -34.71344 10.18175 -34.71344 125.5052 -42.67152 10.18175 -42.67152 20.39464|
|237|0.0008139797|380.2397 322.0529 441.0736|6.927564 6.479097 -3.357655 6.479097 31.04076 24.24659 -3.357655 24.24659 39.87995|
|238|0.003239136|371.3589 394.1186 331.408|119.4961 -107.38 -94.92459 -107.38 109.007 92.38708 -94.92459 92.38708 93.85859|
|239|0.001273178|378.72 332.2116 412.6331|12.73207 -13.09281 29.35931 -13.09281 19.68862 -39.41719 29.35931 -39.41719 132.4783|
|240|0.002365104|350.3295 357.4185 343.8832|28.4267 8.929349 -4.961092 8.929349 47.8171 35.30264 -4.961092 35.30264 50.09221|
|241|0.005047391|366.0672 420.5886 412.2633|15.22948 5.687596 -16.5371 5.687596 21.02483 -31.04132 -16.5371 -31.04132 135.7435|
|242|0.003703028|359.0599 396.1195 403.77|39.66268 44.81883 10.76353 44.81883 132.1106 14.86589 10.76353 14.86589 15.79265|
|243|0.002850013|368.5924 410.619 375.5258|25.22162 3.121668 40.81304 3.121668 29.28444 30.30622 40.81304 30.30622 135.7816|
|244|0.001860335|380.4155 369.0296 446.263|24.37878 13.78464 -4.941175 13.78464 18.71932 6.93526 -4.941175 6.93526 58.60939|
|245|0.005293033|363.157 382.8393 467.4285|34.80893 35.2712 -0.2817965 35.2712 164.7293 -23.30267 -0.2817965 -23.30267 15.51272|
|246|0.004187883|391.2754 367.2269 408.2621|21.97848 -0.5049148 24.0483 -0.5049148 25.18426 -40.74301 24.0483 -40.74301 148.557|
|247|0.001277342|339.7354 347.0132 393.2757|32.60656 -5.547466 -1.543395 -5.547466 12.50106 -0.9135599 -1.543395 -0.9135599 12.33771|
|248|0.001999362|401.1269 354.6606 320.0211|27.37818 18.56454 -11.97701 18.56454 53.64295 -43.48597 -11.97701 -43.48597 44.57631|
|249|0.0009273753|347.5733 362.3913 371.1221|22.4881 -13.98318 -1.432086 -13.98318 42.60279 -4.73554 -1.432086 -4.73554 4.716465|
|250|0.002999734|374.1575 403.2101 384.8045|59.66973 3.5312 10.74973 3.5312 15.42299 -10.19528 10.74973 -10.19528 33.14795|
|251|0.004382434|362.9194 340.7163 491.8022|37.23118 -35.73995 58.46228 -35.73995 45.10314 -63.05276 58.46228 -63.05276 186.8326|
|252|0.002980511|347.7535 389.0092 406.148|63.23033 67.41746 67.64229 67.41746 84.73013 57.278 67.64229 57.278 164.1533|
|253|0.002034772|351.3949 349.1863 368.4669|20.80861 -8.26925 17.4238 -8.26925 55.79001 -50.20932 17.4238 -50.20932 77.91117|
|254|0.001717816|385.0853 378.8824 420.5356|19.40439 16.39367 -22.03144 16.39367 67.31528 -78.88557 -22.03144 -78.88557 106.4399|
|255|0.003311478|396.5535 370.3014 218.8549|107.2126 5.353478 5.73633 5.353478 14.2434 -0.4096025 5.73633 -0.4096025 10.21477|
|256|0.0009005802|380.4944 331.145 391.6976|11.4661 -9.37265 7.736489 -9.37265 21.50832 3.15802 7.736489 3.15802 29.4659|
|257|0.001650438|355.0355 404.6848 459.217|10.48938 5.291034 1.916797 5.291034 34.84599 -0.800827 1.916797 -0.800827 18.14783|
|258|0.004179954|372.5271 414.2586 424.8922|10.44906 -4.292024 25.12436 -4.292024 22.94808 -43.94968 25.12436 -43.94968 252.9934|
|259|0.001966512|362.9098 351.1981 297.9251|37.72906 53.2087 -29.62541 53.2087 106.7843 -41.65142 -29.62541 -41.65142 31.6177|
|260|0.002450046|357.4884 367.507 321.9319|75.49014 60.17586 -33.91185 60.17586 58.65114 -36.87962 -33.91185 -36.87962 43.29438|
|261|0.00413524|373.6145 383.0165 462.4248|21.60666 -12.19387 11.37016 -12.19387 76.32803 0.6727839 11.37016 0.6727839 22.77413|
|262|0.002120078|359.9066 379.1741 439.3991|24.68111 44.31321 56.86629 44.31321 126.7131 126.0421 56.86629 126.0421 158.9653|
|263|0.001426132|346.382 345.6476 312.9712|31.64026 19.25381 -51.69025 19.25381 36.64138 -38.14022 -51.69025 -38.14022 96.79663|
|264|0.001202612|398.6776 367.6273 444.942|17.4165 -8.058019 18.88237 -8.058019 11.87276 0.009257956 18.88237 0.009257956 53.26141|
|265|0.001895677|345.0279 341.0085 435.0118|19.76792 -11.04548 -9.98561 -11.04548 16.26329 6.106069 -9.98561 6.106069 35.20306|
|266|0.002582262|371.6815 338.8466 370.613|9.757915 -9.622364 -2.942057 -9.622364 28.86783 7.061373 -2.942057 7.061373 72.01672|
|267|0.003599173|371.3676 350.4026 489.381|23.75461 13.67771 -20.82284 13.67771 26.95237 -14.30334 -20.82284 -14.30334 68.99357|
|268|0.002756757|355.7456 323.5612 385.7109|35.43334 -24.0142 88.02379 -24.0142 24.32272 -41.72784 88.02379 -41.72784 365.8669|
|269|0.003830525|378.8862 413.869 363.7884|7.762819 -6.948246 -5.488591 -6.948246 30.00758 49.44632 -5.488591 49.44632 221.7179|
|270|0.003646043|373.2256 404.6276 341.1476|18.17184 -6.52212 -2.792285 -6.52212 69.68692 31.09334 -2.792285 31.09334 43.47821|
|271|0.004096963|364.8267 366.9034 304.872|50.20694 48.14413 28.20785 48.14413 79.01441 55.1174 28.20785 55.1174 72.75378|
|272|0.0008174821|388.5868 335.7214 442.8978|56.32663 36.38424 1.895575 36.38424 27.20166 -1.962636 1.895575 -1.962636 14.5712|
|273|0.0009066591|340.8777 343.7521 401.7544|20.95275 -5.910584 -12.36493 -5.910584 12.53573 21.22059 -12.36493 21.22059 49.52746|
|274|0.002296574|348.7794 354.3592 453.1034|3.467436 -3.295737 -5.268349 -3.295737 108.6685 16.95782 -5.268349 16.95782 49.36805|
|275|0.001728149|341.3378 369.256 290.8889|9.327705 -7.902207 7.248089 -7.902207 64.93501 -27.13904 7.248089 -27.13904 31.58145|
|276|0.003749558|372.2772 367.6118 222.3831|61.61805 -5.847951 -20.4061 -5.847951 20.27817 -0.6079564 -20.4061 -0.6079564 18.13704|
|277|0.005259992|356.0059 360.5302 450.688|41.71166 -1.248809 35.28477 -1.248809 44.89095 -0.1752971 35.28477 -0.1752971 67.15443|
|278|0.003138641|374.7219 394.3267 408.5995|45.74982 -3.228458 -57.3226 -3.228458 37.84031 54.74863 -57.3226 54.74863 157.125|
|279|0.0002837461|373.8033 369.7033 503.6568|6.78216 -0.7003937 -0.5707518 -0.7003937 5.702181 -0.7888091 -0.5707518 -0.7888091 2.843136|
|280|0.003933323|320.5399 381.9678 328.4816|16.16601 6.658704 -2.147946 6.658704 26.55322 59.96488 -2.147946 59.96488 213.5757|
|281|0.001137875|334.4299 378.7951 328.554|3.948335 -3.079158 -7.713394 -3.079158 12.01409 27.83639 -7.713394 27.83639 216.0373|
|282|0.002987569|379.3719 367.9532 286.1128|59.51883 18.68748 -84.06802 18.68748 23.23376 -32.46688 -84.06802 -32.46688 138.27|
|283|0.003725967|402.9372 368.7774 318.6314|19.15255 -9.30727 1.577179 -9.30727 52.36505 -23.02449 1.577179 -23.02449 31.31776|
|284|0.002644835|337.9184 360.873 424.4062|59.60213 -33.45027 135.2189 -33.45027 50.63285 -97.02718 135.2189 -97.02718 335.9335|
|285|0.003082516|376.518 358.8076 362.9998|47.57406 1.411 97.02536 1.411 9.300459 -0.4194526 97.02536 -0.4194526 284.2|
|286|0.0007389236|368.4036 362.0677 403.5192|6.938006 -9.892451 19.49809 -9.892451 28.58153 -38.74665 19.49809 -38.74665 95.68044|
|287|0.001250061|398.7278 349.6869 435.4667|22.6321 10.19193 15.56766 10.19193 26.68245 -9.273413 15.56766 -9.273413 29.17463|
|288|0.004649153|364.4346 353.9854 472.2891|41.77327 17.6186 16.70396 17.6186 25.2698 -9.755857 16.70396 -9.755857 62.86868|
|289|0.004414673|326.2495 378.1951 375.6951|25.54557 -6.682367 25.94302 -6.682367 45.66817 -67.70712 25.94302 -67.70712 149.9024|
|290|0.001496059|325.3132 340.3985 255.4746|20.9774 1.829162 6.593542 1.829162 33.28244 -16.70223 6.593542 -16.70223 18.42084|
|291|0.003680166|375.9344 406.9833 421.1262|18.99192 14.12525 -41.11178 14.12525 22.65832 -42.07043 -41.11178 -42.07043 203.0964|
|292|0.002852083|349.2643 362.3513 430.8037|30.40961 5.300718 -4.065531 5.300718 23.31366 1.102616 -4.065531 1.102616 27.57185|
|293|0.002083313|358.4448 359.4953 352.5958|69.29178 48.33401 -19.49623 48.33401 45.73021 -13.68206 -19.49623 -13.68206 18.88226|
|294|0.002089565|360.726 362.6436 395.1427|115.0956 -4.919766 -52.24091 -4.919766 22.19043 23.87536 -52.24091 23.87536 56.04715|
|295|0.003014491|393.8105 345.1584 446.0884|30.30828 15.62637 12.47728 15.62637 20.81262 -0.5027277 12.47728 -0.5027277 43.75486|
|296|0.003373795|361.4926 404.3603 433.7458|10.51965 -11.40742 -24.8587 -11.40742 36.04305 43.11583 -24.8587 43.11583 189.5399|
|297|0.00225766|349.8317 341.9055 321.1325|12.96354 -4.744585 -37.80457 -4.744585 40.7252 8.665916 -37.80457 8.665916 148.3871|
|298|0.00219765|372.7635 323.1225 373.7619|12.39708 0.4102781 -3.179895 0.4102781 34.12296 -43.35276 -3.179895 -43.35276 95.7989|
|299|0.003521819|347.7641 379.8066 418.9507|18.60562 23.64403 -12.79077 23.64403 53.12815 -63.75132 -12.79077 -63.75132 207.5855|
|300|0.0008731959|382.5961 342.8198 347.1159|20.08894 -26.092 24.0467 -26.092 46.60921 -30.07864 24.0467 -30.07864 39.71602|
|301|0.003446249|368.9393 404.9685 352.7126|23.67662 -13.84039 5.153453 -13.84039 24.68546 9.463417 5.153453 9.463417 75.62431|
|302|0.003654659|375.3399 392.7257 347.2324|14.46421 -8.272849 -12.68189 -8.272849 95.34962 190.939 -12.68189 190.939 426.3758|
|303|0.0009656248|350.7294 351.5715 281.6922|21.45617 -2.686527 -3.682132 -2.686527 18.12229 2.652982 -3.682132 2.652982 6.225712|
|304|0.002086682|402.5891 356.782 444.2659|9.500543 0.3163275 3.034626 0.3163275 24.92828 -10.50718 3.034626 -10.50718 30.37746|
|305|0.00490562|367.8021 335.947 435.2439|33.4114 -21.60809 -8.343253 -21.60809 76.78944 27.14347 -8.343253 27.14347 58.31641|
|306|0.001751683|404.5048 337.053 524.7705|20.94079 -10.27605 -6.919553 -10.27605 20.46601 0.1551537 -6.919553 0.1551537 22.16663|
|307|0.005476056|371.7066 341.2747 509.3955|19.68089 -9.012315 2.531487 -9.012315 28.04514 -7.063787 2.531487 -7.063787 108.9943|
|308|0.003103303|370.0245 321.6702 395.7059|20.66591 -5.944631 -4.54074 -5.944631 28.4185 -18.46191 -4.54074 -18.46191 59.41011|
|309|0.002802914|350.8842 367.8548 238.3813|51.66108 30.55973 -38.79586 30.55973 36.28966 -20.66621 -38.79586 -20.66621 47.72523|
|310|0.004263653|371.2259 388.6988 390.8532|25.27847 14.09694 -16.18365 14.09694 117.2754 45.58171 -16.18365 45.58171 59.61204|
|311|0.003624193|396.5132 372.7034 309.4364|18.54788 34.51014 -47.42943 34.51014 151.4131 -167.4492 -47.42943 -167.4492 219.8015|
|312|0.004958205|367.0546 407.341 419.696|12.33499 -3.850068 6.208735 -3.850068 18.36728 34.45277 6.208735 34.45277 264.103|
|313|0.005505405|382.7204 366.3511 415.2306|30.38171 -4.645736 30.64111 -4.645736 22.97405 -35.68452 30.64111 -35.68452 161.102|
|314|0.003627768|364.369 417.6559 383.8755|12.75487 9.221385 12.3353 9.221385 17.63783 12.12094 12.3353 12.12094 198.4862|
|315|0.002175875|333.8147 374.029 364.5482|46.34953 -32.34742 67.9558 -32.34742 36.21207 -49.57673 67.9558 -49.57673 146.9694|
|316|0.00327002|338.1396 370.4475 406.8523|27.43631 3.015438 55.98434 3.015438 21.83069 5.35058 55.98434 5.35058 169.914|
|317|0.001222892|338.912 350.9799 333.9918|6.587806 6.46163 1.458973 6.46163 15.6715 -15.44906 1.458973 -15.44906 143.1421|
|318|0.003460756|364.5079 372.6567 235.1795|29.81143 15.76444 -6.111191 15.76444 35.83461 -0.2459501 -6.111191 -0.2459501 26.10981|
|319|0.001951414|353.2007 355.4977 438.3232|48.04982 28.86712 -16.73018 28.86712 31.7659 -17.90055 -16.73018 -17.90055 26.29482|
|320|0.003808864|359.3098 336.6626 365.2337|46.21237 -13.90261 -1.744226 -13.90261 34.10928 -7.560925 -1.744226 -7.560925 27.20367|
|321|0.002293679|346.7659 334.9036 300.5909|30.08074 -0.8833092 -6.844519 -0.8833092 14.10899 8.078597 -6.844519 8.078597 21.01815|
|322|0.005264842|387.0929 375.5489 409.6217|20.22844 -5.706554 -2.234268 -5.706554 35.00821 -47.79074 -2.234268 -47.79074 143.8381|
|323|0.003056947|355.7676 323.4216 342.2256|48.17518 -34.59808 49.73923 -34.59808 47.00097 -51.07273 49.73923 -51.07273 82.58218|
|324|0.002103012|378.5833 403.2516 326.2567|35.46755 -47.78206 -48.27411 -47.78206 89.10754 99.74926 -48.27411 99.74926 128.6623|
|325|0.002625477|389.015 356.5596 461.0368|16.9667 11.10775 -1.730884 11.10775 19.9671 -5.035382 -1.730884 -5.035382 53.37922|
|326|0.002224759|344.9916 352.35 402.0953|18.00891 -6.493178 27.73989 -6.493178 20.69876 -27.17005 27.73989 -27.17005 102.5332|
|327|0.004062747|370.2799 367.994 313.0514|162.0239 46.88946 -321.6852 46.88946 21.48442 -92.27849 -321.6852 -92.27849 678.171|
|328|0.003414609|380.3818 377.7494 390.1485|30.97497 21.95115 0.6964384 21.95115 91.82227 18.31548 0.6964384 18.31548 31.71348|
|329|0.003277547|379.9275 379.7222 226.0804|65.62325 10.5009 -11.46564 10.5009 14.58437 10.90585 -11.46564 10.90585 32.08662|
|330|0.004813262|348.8225 328.8844 347.0876|37.27147 -17.41282 45.72603 -17.41282 27.43091 -18.97226 45.72603 -18.97226 118.8028|
|331|0.004111992|388.963 372.6168 371.3115|10.65233 -2.672663 8.771846 -2.672663 46.14556 21.33259 8.771846 21.33259 94.34101|
|332|0.003543554|358.3544 347.922 453.9208|29.74568 5.560926 -16.4803 5.560926 20.04733 -17.49797 -16.4803 -17.49797 59.91853|
|333|0.002370733|393.1417 328.7843 364.0132|19.17828 12.97523 -4.909417 12.97523 49.3346 -27.16447 -4.909417 -27.16447 26.0547|
|334|0.001520812|348.1773 336.7591 386.3554|32.28254 -27.53148 56.39298 -27.53148 37.2612 -60.4043 56.39298 -60.4043 126.5595|
|335|0.0003447609|370.3761 391.9905 454.0998|10.18164 24.04192 8.225687 24.04192 79.13211 15.27886 8.225687 15.27886 8.367928|
|336|0.003017559|415.1224 393.585 301.0417|12.85211 4.195868 -13.26388 4.195868 27.65588 -27.98988 -13.26388 -27.98988 73.11787|
|337|0.003755519|380.3802 358.9291 407.641|25.32643 -2.015755 -33.57586 -2.015755 11.80456 -15.54127 -33.57586 -15.54127 183.9957|
|338|0.005445496|345.3792 357.0181 418.6974|69.75452 -37.39164 82.8443 -37.39164 35.99266 -56.76345 82.8443 -56.76345 154.9605|
|339|0.005053731|360.476 376.5974 398.2205|93.37443 11.45701 -9.368895 11.45701 68.20045 21.94675 -9.368895 21.94675 24.83571|
|340|0.004863773|381.7718 411.8439 385.3964|32.88668 -22.47243 13.52137 -22.47243 33.70026 -2.101326 13.52137 -2.101326 65.9814|
|341|0.002881366|351.9808 359.1222 312.0682|46.964 6.206387 31.9683 6.206387 10.47152 -0.154448 31.9683 -0.154448 107.6254|
|342|0.0008715359|371.0212 318.474 367.0036|10.74546 -3.685746 9.087675 -3.685746 31.72234 -52.75115 9.087675 -52.75115 96.92924|
|343|0.00411641|391.1027 343.8578 343.9622|19.00063 0.07128505 9.408981 0.07128505 36.64332 -14.52674 9.408981 -14.52674 41.84502|
|344|0.003389074|355.3975 381.9451 458.4341|16.02768 16.09605 3.226444 16.09605 128.3321 -9.207726 3.226444 -9.207726 25.92632|
|345|0.002420742|368.1308 397.4636 324.0234|12.50751 -19.33568 -24.49499 -19.33568 136.3537 131.5117 -24.49499 131.5117 141.6555|
|346|0.004234624|369.8266 411.4984 402.9905|22.03353 -0.7514859 32.94409 -0.7514859 14.65475 24.127 32.94409 24.127 242.5415|
|347|0.003345048|348.8502 379.6573 442.8115|12.19687 -0.2349604 3.400774 -0.2349604 57.10328 -27.20433 3.400774 -27.20433 64.99474|
|348|0.002582464|373.5021 396.6169 424.9389|38.10013 1.793001 -54.63338 1.793001 18.77994 22.06024 -54.63338 22.06024 138.9164|
|349|0.002432546|382.33 350.1883 433.1255|32.26324 8.540053 8.334171 8.540053 55.17754 -19.65348 8.334171 -19.65348 24.42188|
|350|0.001034762|353.1066 344.0057 350.4283|6.655825 -1.341148 0.2039983 -1.341148 38.33356 -34.57348 0.2039983 -34.57348 47.14017|
|351|0.004122545|370.5736 341.5874 485.2065|41.46716 -7.362037 42.82509 -7.362037 25.0133 -31.04004 42.82509 -31.04004 98.62841|
|352|0.002800349|388.4379 367.3144 285.9257|87.59761 1.230946 -201.0944 1.230946 5.249146 3.501739 -201.0944 3.501739 513.7099|
|353|0.003203544|329.0246 373.9955 326.542|10.71948 -10.59986 -7.134689 -10.59986 69.61832 95.68666 -7.134689 95.68666 169.6317|
|354|0.003338352|359.0408 378.9719 449.123|29.34982 11.17477 39.81665 11.17477 32.72287 23.69751 39.81665 23.69751 86.25997|
|355|0.002312192|284.5467 332.7466 274.6076|18.78777 4.323696 0.582359 4.323696 12.77309 1.289836 0.582359 1.289836 16.00237|
|356|0.00111226|378.7269 354.564 453.453|3.735417 -15.7486 27.13381 -15.7486 160.3444 -283.4438 27.13381 -283.4438 522.3203|
|357|0.004548329|398.6802 350.8517 333.3795|25.19991 5.545512 6.559149 5.545512 53.81747 -32.38484 6.559149 -32.38484 51.20187|
|358|0.002669411|362.8384 357.008 312.9969|92.10056 26.36187 -81.22014 26.36187 15.18139 -14.19812 -81.22014 -14.19812 118.9287|
|359|0.004210987|393.3729 363.4574 444.3719|24.59031 -10.52629 11.53762 -10.52629 28.71202 -9.198339 11.53762 -9.198339 44.75126|
|360|0.002614598|388.6708 344.9619 465.1885|22.79835 2.7269 -5.567802 2.7269 7.26435 -1.421715 -5.567802 -1.421715 83.15709|
|361|0.004325494|355.2816 336.994 339.3248|9.378416 -9.138637 15.15234 -9.138637 57.18583 -54.05877 15.15234 -54.05877 126.7306|
|362|0.004755645|343.3796 368.4874 397.1212|53.24553 -44.57411 107.8031 -44.57411 73.33344 -99.31012 107.8031 -99.31012 266.9214|
|363|0.003091364|373.4538 330.2239 397.5139|13.8024 -9.433262 2.531353 -9.433262 28.79224 -23.20007 2.531353 -23.20007 130.3796|
|364|0.004380195|342.051 342.0957 328.7802|13.63374 8.934763 -1.418108 8.934763 50.04667 -9.890851 -1.418108 -9.890851 45.38877|
|365|0.003776364|382.2429 358.116 452.1427|11.04719 1.396953 -32.76935 1.396953 72.98615 -193.8665 -32.76935 -193.8665 730.9221|
|366|0.002144126|409.7752 398.398 287.2311|23.84149 0.5569531 14.91422 0.5569531 14.75306 -6.499053 14.91422 -6.499053 39.03953|
|367|0.00447425|357.2761 334.623 386.4422|41.69058 -11.95236 47.46079 -11.95236 28.92568 -37.02 47.46079 -37.02 110.1223|
|368|0.004699434|365.3551 335.2575 378.1999|24.35399 -21.86186 13.34355 -21.86186 72.34427 -12.01883 13.34355 -12.01883 41.66679|
|369|0.004197395|357.3609 387.2562 393.7751|91.98456 65.12053 8.072337 65.12053 85.8722 7.415181 8.072337 7.415181 14.1532|
|370|0.003456317|375.8729 332.6937 527.0057|23.00453 -4.323232 -6.045083 -4.323232 22.86355 8.658487 -6.045083 8.658487 39.81445|
|371|0.003541348|366.5684 371.7377 460.1312|25.15992 5.076587 12.80405 5.076587 37.68852 10.52189 12.80405 10.52189 32.36773|
|372|0.003201835|393.3141 374.9829 417.4479|15.18259 -23.95269 31.03755 -23.95269 131.1546 -152.2161 31.03755 -152.2161 199.4377|
|373|0.003698332|382.9706 343.2104 520.3262|60.08967 -14.17787 0.03310366 -14.17787 23.89708 -15.83024 0.03310366 -15.83024 39.79708|
|374|0.001661305|376.4555 347.208 475.2875|94.48648 -58.1839 214.5619 -58.1839 48.14793 -131.398 214.5619 -131.398 508.3685|
|375|0.001721865|361.7225 392.7336 450.7157|49.10823 37.27182 3.036022 37.27182 37.2114 5.383912 3.036022 5.383912 34.30635|
|376|0.003364271|350.5689 353.0107 290.6169|34.61191 -3.639072 -2.919281 -3.639072 28.0093 8.03273 -2.919281 8.03273 23.1831|
|377|0.003391591|377.245 393.7519 319.2047|16.01178 -16.66487 -20.88569 -16.66487 62.61721 89.31121 -20.88569 89.31121 155.8751|
|378|0.00323627|406.5475 388.1619 299.5191|16.80836 5.676721 4.415705 5.676721 37.85579 -27.92535 4.415705 -27.92535 67.34531|
|379|0.003192932|396.2339 351.9512 463.4178|19.98606 1.793252 -2.302902 1.793252 10.75024 -17.10236 -2.302902 -17.10236 82.10606|
|380|0.003328956|363.5716 322.9317 359.1866|16.32125 3.751144 7.852466 3.751144 36.22447 9.075375 7.852466 9.075375 40.39307|
|381|0.003097201|384.1409 337.3373 511.5093|26.97023 8.247603 6.209794 8.247603 22.69981 4.248546 6.209794 4.248546 62.41747|
|382|0.003635491|367.9023 359.6424 328.155|24.78528 10.69852 1.265771 10.69852 19.4613 1.188918 1.265771 1.188918 57.6874|
|383|0.002918762|352.9425 359.2038 469.1595|15.85232 6.775209 4.443963 6.775209 69.81394 -6.804048 4.443963 -6.804048 18.63905|
|384|0.00279845|362.0277 351.2802 486.2004|26.02832 11.34282 3.183854 11.34282 25.70698 -20.38233 3.183854 -20.38233 50.00772|
|385|0.001770469|324.8041 343.1394 272.5454|34.257 -13.82461 -22.31735 -13.82461 34.59073 22.98229 -22.31735 22.98229 30.86791|
|386|0.003710195|344.402 348.7774 425.9114|42.07537 -17.92763 58.41872 -17.92763 17.25814 -23.84444 58.41872 -23.84444 148.6727|
|387|0.003766194|347.3221 340.3528 344.7637|13.10388 -9.938588 -15.53068 -9.938588 44.96594 17.0651 -15.53068 17.0651 100.4953|
|388|0.004809157|390.0638 354.7187 431.6808|26.67254 -0.7776471 40.31239 -0.7776471 24.38453 -47.62695 40.31239 -47.62695 223.2318|
|389|0.003123998|387.2588 364.8109 454.9848|32.3054 2.583181 15.19559 2.583181 10.7789 1.849346 15.19559 1.849346 76.77334|
|390|0.00540537|328.3139 348.5665 261.1761|97.27314 21.72148 -66.90125 21.72148 32.97397 -13.77967 -66.90125 -13.77967 71.61403|
|391|0.004196341|348.3747 345.438 298.3701|29.39136 -5.646897 -5.675007 -5.646897 31.65138 8.057031 -5.675007 8.057031 28.11902|
|392|0.004137252|356.5903 397.2444 446.2756|25.35004 19.97403 19.21819 19.97403 57.53382 28.90892 19.21819 28.90892 72.49383|
|393|0.003693901|372.725 327.5228 414.9478|17.15834 -7.055096 14.44668 -7.055096 27.40982 -2.926533 14.44668 -2.926533 109.435|
|394|0.00321185|370.5215 365.5835 384.8054|37.04372 26.37691 0.4372227 26.37691 90.96381 28.36902 0.4372227 28.36902 26.55888|
|395|0.002523357|391.9318 361.2532 398.7896|26.26703 4.634185 69.32367 4.634185 16.54276 -26.1327 69.32367 -26.1327 338.297|
|396|0.003111352|373.4107 414.8051 394.3186|20.41338 -9.860805 15.68009 -9.860805 35.06047 16.49654 15.68009 16.49654 99.18227|
|397|0.003230275|407.156 382.0224 314.4511|14.29327 4.28751 0.5296938 4.28751 59.49886 -48.18858 0.5296938 -48.18858 76.65213|
|398|0.003098483|353.4675 362.2794 460.8706|20.47642 8.59752 0.9150243 8.59752 94.79985 -10.69188 0.9150243 -10.69188 15.45605|
|399|0.003022111|351.6028 340.4086 451.6252|29.52537 -12.53274 2.771069 -12.53274 33.6573 8.681004 2.771069 8.681004 39.28596|
