#|num|weight|mean|covariance matrix|
|0|0.001522426|223.4344 356.9893 285.6423|5.496531 5.156503 -1.064234 5.156503 34.13771 -5.464647 -1.064234 -5.464647 6.840721|
|1|0.0006596677|320.856 167.2374 168.7697|11.48379 2.525093 0.9724079 2.525093 9.226688 -2.62869 0.9724079 -2.62869 4.331081|
|2|0.001672219|293.8684 181.9234 158.246|7.054571 -1.335199 -6.105164 -1.335199 10.35666 3.512607 -6.105164 3.512607 21.46652|
|3|0.0005749977|252.4879 281.5284 208.724|4.793564 5.723279 12.20143 5.723279 11.95124 22.86824 12.20143 22.86824 55.35093|
|4|0.001459917|181.4886 321.1112 254.4199|2.281425 -4.221035 -3.004171 -4.221035 57.71259 24.46957 -3.004171 24.46957 17.69645|
|5|0.001257403|202.6461 315.3222 246.9572|3.211647 0.382171 -2.940484 0.382171 3.177873 -2.70947 -2.940484 -2.70947 31.13276|
|6|0.002047068|185.4838 158.9572 208.8935|6.43 -0.5909199 5.738018 -0.5909199 13.88302 5.325096 5.738018 5.325096 27.89452|
|7|0.001144825|237.9034 261.2333 188.1015|7.606064 -1.726795 2.848699 -1.726795 8.953705 -2.410397 2.848699 -2.410397 11.69435|
|8|0.00118796|240.7734 242.5264 214.718|3.658602 -0.1141748 1.237934 -0.1141748 12.58774 -11.15803 1.237934 -11.15803 20.22033|
|9|0.0009987165|258.5797 250.2957 247.92|3.648133 5.558637 2.151995 5.558637 29.7091 4.150503 2.151995 4.150503 11.46625|
|10|0.001061635|236.8528 200.4249 249.1226|53.48941 41.19724 41.61553 41.19724 48.03867 26.77654 41.61553 26.77654 38.42737|
|11|0.0004973227|252.283 209.5604 207.1937|3.617258 0.876881 0.5823967 0.876881 6.231503 0.6948355 0.5823967 0.6948355 5.33828|
|12|0.001123606|181.9151 344.8927 237.2312|15.84894 -0.7861645 0.7806929 -0.7861645 4.546506 0.6680905 0.7806929 0.6680905 6.487651|
|13|0.00162921|204.2126 274.2018 199.7651|15.06825 -10.99601 0.05427028 -10.99601 19.32743 2.148063 0.05427028 2.148063 8.33343|
|14|0.0003362001|306.6294 207.0801 197.7764|9.442586 7.111621 -4.391923 7.111621 7.079915 -3.264323 -4.391923 -3.264323 9.626369|
|15|0.0002877681|274.5776 227.8475 218.4163|7.743516 4.881631 -1.472966 4.881631 7.903562 -2.370601 -1.472966 -2.370601 3.243799|
|16|0.0004871764|266.4279 178.853 191.5097|6.107775 -5.902913 2.162462 -5.902913 16.2935 -1.778291 2.162462 -1.778291 3.957462|
|17|0.0006383036|202.6547 295.3798 269.9951|5.037113 1.388084 -2.399467 1.388084 3.815934 -2.56126 -2.399467 -2.56126 8.081302|
|18|0.001243393|218.0514 361.1654 306.9384|36.47608 -16.22475 -24.97508 -16.22475 12.87844 12.57917 -24.97508 12.57917 25.00055|
|19|0.0008774642|185.3045 249.9104 238.166|5.090918 3.690679 4.958955 3.690679 10.68373 6.548482 4.958955 6.548482 11.26773|
|20|0.001057684|221.0331 229.9736 252.0482|5.455432 1.733744 2.629483 1.733744 5.297452 2.673904 2.629483 2.673904 11.11314|
|21|0.001813641|220.6674 288.8084 229.1382|4.263937 -1.292695 0.07926852 -1.292695 16.27542 15.65077 0.07926852 15.65077 27.97087|
|22|0.0009587388|259.2638 136.8609 176.2079|57.14104 18.78002 3.915812 18.78002 9.180065 2.261015 3.915812 2.261015 5.742894|
|23|0.0004661494|217.2147 254.5232 233.5964|6.780516 -6.213022 12.04971 -6.213022 9.267625 -15.32237 12.04971 -15.32237 31.83001|
|24|0.00148568|195.526 250.7537 183.3949|12.12296 7.805287 3.905608 7.805287 14.33415 -2.302324 3.905608 -2.302324 15.31158|
|25|0.001612614|263.82 273.6497 210.3829|8.466807 6.348299 7.602461 6.348299 16.64167 8.779727 7.602461 8.779727 16.75038|
|26|0.002284522|308.3687 156.3742 181.2563|84.1631 44.31587 -33.00422 44.31587 28.85933 -18.6726 -33.00422 -18.6726 19.76209|
|27|0.001151966|186.9102 332.1826 243.5334|6.672077 -1.356609 3.955612 -1.356609 9.741036 10.14875 3.955612 10.14875 27.35963|
|28|0.000906237|257.3223 283.791 289.6981|16.68825 -11.37842 -11.7627 -11.37842 13.48752 6.252039 -11.7627 6.252039 18.39649|
|29|0.001719363|229.7301 132.5606 201.4457|7.182184 10.21889 7.969626 10.21889 26.19078 20.74774 7.969626 20.74774 31.9706|
|30|0.001551208|216.7818 214.7705 177.3328|14.62416 0.5056823 1.885616 0.5056823 8.385697 -7.903465 1.885616 -7.903465 17.1024|
|31|0.001885642|207.7376 283.9921 262.9076|8.38984 8.131357 2.432101 8.131357 18.24716 5.995277 2.432101 5.995277 8.939726|
|32|0.002345946|226.2937 331.4464 262.7475|31.21955 -15.755 -3.931324 -15.755 12.65414 1.754593 -3.931324 1.754593 7.643874|
|33|0.002016102|254.9223 276.0935 202.0781|19.94371 16.94601 26.89132 16.94601 28.73324 35.94684 26.89132 35.94684 57.12312|
|34|0.0006210632|225.7185 275.3702 257.8561|5.224679 -5.315149 -1.613011 -5.315149 13.19464 2.116916 -1.613011 2.116916 4.740727|
|35|0.001618001|261.1952 123.645 180.3022|13.52834 9.407493 -0.0470396 9.407493 14.75861 -3.546206 -0.0470396 -3.546206 16.6742|
|36|0.001380155|231.8176 271.5034 240.0663|7.001033 -5.393876 -7.416985 -5.393876 9.575855 11.19548 -7.416985 11.19548 23.67859|
|37|0.002132821|270.713 185.1416 163.3677|13.47122 -9.210412 -14.29134 -9.210412 17.24448 10.30358 -14.29134 10.30358 26.02007|
|38|0.0005958057|226.8856 289.431 288.4087|6.27456 -3.211132 -0.6634679 -3.211132 7.331715 2.153964 -0.6634679 2.153964 6.1096|
|39|0.0007802655|242.9819 316.394 282.1449|2.241027 1.887112 0.1617641 1.887112 12.36775 4.194994 0.1617641 4.194994 9.336658|
|40|0.002135925|210.2949 205.5475 198.7419|8.155735 8.146743 0.5474885 8.146743 34.65444 6.328156 0.5474885 6.328156 6.589084|
|41|0.001070683|309.7447 199.8932 186.5682|10.65973 -3.625475 -17.00683 -3.625475 9.731287 12.43964 -17.00683 12.43964 47.29239|
|42|0.001990534|241.7872 179.9042 201.992|7.640109 9.840792 -1.767013 9.840792 25.63241 -4.36769 -1.767013 -4.36769 9.824781|
|43|0.001186075|291.6271 190.1389 167.3143|22.63235 -3.259806 -26.13227 -3.259806 7.149087 5.374146 -26.13227 5.374146 37.24894|
|44|0.001048185|180.8567 340.6819 256.5815|10.70353 2.238219 -3.268855 2.238219 6.405144 -4.152432 -3.268855 -4.152432 8.903211|
|45|0.0007549319|246.1722 301.3031 275.9221|4.616471 1.156839 0.2410638 1.156839 5.582684 -1.563646 0.2410638 -1.563646 6.552725|
|46|0.0007168588|254.1969 247.474 279.2389|34.54966 -11.51362 11.90656 -11.51362 8.029135 -5.338007 11.90656 -5.338007 7.755661|
|47|0.001709972|192.013 139.7867 185.3174|4.882266 -3.090356 -3.938589 -3.090356 26.58294 -2.843727 -3.938589 -2.843727 13.37022|
|48|0.00155313|205.6353 250.5423 182.1346|19.96576 -13.88286 8.906599 -13.88286 16.62361 -7.169689 8.906599 -7.169689 11.56355|
|49|0.000499821|255.3058 268.5399 190.765|2.348818 0.628105 1.538805 0.628105 18.85884 15.69332 1.538805 15.69332 17.41825|
|50|0.001508642|210.4741 241.8249 237.1905|6.671823 -8.335136 -2.867208 -8.335136 22.67667 5.418417 -2.867208 5.418417 7.798733|
|51|0.002159933|214.3862 218.6267 203.6884|5.394974 2.612289 2.191712 2.612289 16.58496 4.463213 2.191712 4.463213 12.05637|
|52|0.001483179|197.4026 171.4871 223.9929|3.669435 3.241788 4.491486 3.241788 26.05848 18.7031 4.491486 18.7031 24.495|
|53|0.001665107|214.3852 225.4093 183.3143|40.41785 -12.50663 -5.356686 -12.50663 9.638798 0.1850309 -5.356686 0.1850309 5.941216|
|54|0.001753004|201.5195 308.6964 305.8853|8.485378 8.057373 5.618458 8.057373 25.77799 10.58785 5.618458 10.58785 10.77993|
|55|0.0006265103|265.1711 149.11 183.1575|6.499754 -1.831595 0.858668 -1.831595 5.856369 -0.3690805 0.858668 -0.3690805 5.537098|
|56|0.001818624|230.78 261.3813 246.5877|6.666104 -0.1305649 -7.548589 -0.1305649 12.6528 -5.158899 -7.548589 -5.158899 21.67864|
|57|0.00142974|201.0238 295.4503 236.6521|14.30177 2.762892 -14.50828 2.762892 5.004902 -4.047041 -14.50828 -4.047041 26.54791|
|58|0.000816946|222.4821 285.6993 217.8813|6.017019 2.929737 -0.8985895 2.929737 14.84194 -7.757854 -0.8985895 -7.757854 10.56241|
|59|0.001224355|286.1552 169.8106 188.036|25.78589 6.636558 0.950237 6.636558 6.532293 -1.589388 0.950237 -1.589388 5.288655|
|60|0.0007309062|214.0334 234.0595 223.7048|5.436108 -3.852791 12.70348 -3.852791 9.690514 -18.67816 12.70348 -18.67816 63.70467|
|61|0.001908208|230.4196 319.2271 253.0875|17.66333 -18.65416 -1.109593 -18.65416 30.88307 2.780299 -1.109593 2.780299 5.44564|
|62|0.001309877|282.6968 191.9812 217.68|13.91083 23.53295 2.676726 23.53295 63.09097 13.37063 2.676726 13.37063 9.049975|
|63|0.001377717|200.5477 280.3992 237.3216|8.807186 5.666694 -11.30392 5.666694 8.444082 -12.39595 -11.30392 -12.39595 28.16782|
|64|0.0005239163|236.1845 123.4347 183.7387|3.215025 7.205271 0.3439091 7.205271 39.71942 -4.998525 0.3439091 -4.998525 4.648143|
|65|0.0008396928|238.6252 200.8101 185.1323|11.68117 -1.17708 -4.684255 -1.17708 3.569858 0.6035215 -4.684255 0.6035215 8.713947|
|66|0.002266446|194.7306 227.1953 211.5152|6.823116 8.364223 3.91058 8.364223 27.14253 5.846335 3.91058 5.846335 13.36395|
|67|0.0003832305|309.9717 205.5789 203.2609|15.04973 6.89827 2.102321 6.89827 7.469714 2.107923 2.102321 2.107923 2.737988|
|68|0.001028792|262.6114 211.769 178.6279|16.87353 -42.0599 0.68963 -42.0599 113.1773 -5.431516 0.68963 -5.431516 9.064189|
|69|0.0006240046|264.1577 275.0603 228.9502|4.234071 3.094884 1.304936 3.094884 8.502874 3.040699 1.304936 3.040699 7.688813|
|70|0.0006400828|208.0099 247.8244 193.2542|5.062509 -7.3665 9.735922 -7.3665 23.76604 -29.16631 9.735922 -29.16631 43.14235|
|71|0.000888837|223.2348 321.4453 276.7047|2.649262 0.298178 1.613378 0.298178 4.871072 -0.828243 1.613378 -0.828243 17.51341|
|72|0.002133594|202.4847 287.5498 283.4317|12.34002 -4.213107 9.741596 -4.213107 6.059641 -4.153409 9.741596 -4.153409 18.60295|
|73|0.001640798|191.3841 326.6702 236.4571|6.048705 4.083918 2.884802 4.083918 29.70489 15.96772 2.884802 15.96772 14.92866|
|74|0.0006733483|266.7575 227.2334 221.8122|2.897361 -0.2719533 1.80695 -0.2719533 3.924867 -1.547105 1.80695 -1.547105 12.48258|
|75|0.0003249451|245.9 170.4225 206.0713|2.480417 -0.06986982 1.762284 -0.06986982 7.21891 -4.488223 1.762284 -4.488223 7.405691|
|76|0.001134112|216.3489 308.2584 238.773|6.669942 2.330762 2.562949 2.330762 6.129092 1.707642 2.562949 1.707642 7.525929|
|77|0.002209653|256.958 226.9537 184.5742|39.17249 -57.89176 -11.6543 -57.89176 94.99122 15.46024 -11.6543 15.46024 9.805347|
|78|0.001822728|274.1731 218.5458 222.8833|4.172369 -0.3920732 2.51719 -0.3920732 5.528538 -2.515378 2.51719 -2.515378 27.1138|
|79|0.001332161|226.678 364.4499 292.7003|9.699104 -6.364415 5.38693 -6.364415 12.77639 -10.43266 5.38693 -10.43266 18.74831|
|80|0.0009243917|230.6205 241.3164 229.7837|5.197486 -1.214502 3.736094 -1.214502 4.229748 -4.142586 3.736094 -4.142586 14.23492|
|81|0.001503424|226.1887 225.1461 175.7841|6.925085 4.952139 -4.32727 4.952139 11.8507 -10.91856 -4.32727 -10.91856 21.31865|
|82|0.0019866|251.485 263.8896 195.8799|6.607532 1.251868 1.489845 1.251868 23.90969 6.751672 1.489845 6.751672 20.32021|
|83|0.0010996|203.8518 228.583 217.1362|4.966732 0.6581602 3.380825 0.6581602 12.42883 2.50463 3.380825 2.50463 8.259571|
|84|0.001276256|272.7195 175.4569 164.0105|26.23852 -3.081579 -20.8827 -3.081579 4.161174 2.798555 -20.8827 2.798555 24.52174|
|85|0.001049134|240.4487 190.9135 240.0863|11.12117 11.57154 8.05348 11.57154 25.83794 6.583012 8.05348 6.583012 11.00243|
|86|0.0009736582|192.4836 302.5323 247.5968|7.274718 5.259623 -2.5041 5.259623 13.77041 -6.799986 -2.5041 -6.799986 8.586387|
|87|0.00131491|228.1968 272.0366 223.0158|38.90888 -18.58751 -22.8646 -18.58751 12.04946 13.23324 -22.8646 13.23324 23.30932|
|88|0.001453051|196.3883 336.6392 242.9785|21.16922 -19.55966 8.155063 -19.55966 27.23032 -8.151992 8.155063 -8.151992 8.579785|
|89|0.001594052|261.8774 196.0637 165.4362|5.295595 -0.9942553 -2.343454 -0.9942553 11.82258 -2.304778 -2.343454 -2.304778 14.74923|
|90|0.001466735|249.0086 253.3891 226.0561|5.135502 -2.088526 6.083347 -2.088526 9.195232 -13.99439 6.083347 -13.99439 39.69465|
|91|0.001107691|222.8194 135.8965 219.0861|15.75324 -0.9239653 0.5027479 -0.9239653 5.119032 0.9215959 0.5027479 0.9215959 6.460614|
|92|0.002017064|262.0033 133.5534 178.9306|91.38746 9.836554 3.382906 9.836554 4.988306 0.2337426 3.382906 0.2337426 8.448029|
|93|0.002164966|246.1499 322.1948 283.3951|6.297241 -8.849957 0.5018215 -8.849957 38.69771 -7.390844 0.5018215 -7.390844 11.0878|
|94|0.001542781|200.0935 153.6357 214.9654|8.700105 0.1291691 -5.417159 0.1291691 5.032236 -0.6733261 -5.417159 -0.6733261 20.49895|
|95|0.001469709|229.0064 338.6419 295.1945|6.311181 6.625133 4.888073 6.625133 15.48195 10.98867 4.888073 10.98867 28.75699|
|96|0.0007170116|289.0507 155.7507 176.8721|22.37515 3.421868 -9.963719 3.421868 4.619718 -3.280123 -9.963719 -3.280123 8.459205|
|97|0.001411966|216.0656 190.2828 225.7971|18.89989 19.66884 22.12134 19.66884 25.1881 23.94191 22.12134 23.94191 33.64085|
|98|0.0009725651|192.8615 304.6168 297.858|17.48457 -12.08686 -4.871787 -12.08686 13.98225 4.780864 -4.871787 4.780864 7.164268|
|99|0.0005984727|190.2841 262.5257 235.6427|6.263545 6.238811 12.03811 6.238811 10.3093 14.66264 12.03811 14.66264 31.31437|
|100|0.001042231|181.9694 269.2136 212.7666|20.8247 -8.160126 -11.78544 -8.160126 8.291692 4.359575 -11.78544 4.359575 10.12485|
|101|0.001150364|282.4165 235.8948 258.0159|22.04743 -13.55213 -5.596982 -13.55213 21.62859 3.346752 -5.596982 3.346752 5.005734|
|102|0.0009340683|222.195 298.156 279.3594|3.211486 0.5739409 -0.301568 0.5739409 4.282675 -1.154999 -0.301568 -1.154999 17.22657|
|103|0.0009837232|194.3036 287.0981 242.9603|13.17378 14.06913 0.5696459 14.06913 19.6776 -0.1760043 0.5696459 -0.1760043 5.115401|
|104|0.001673286|196.2474 241.092 212.7292|3.361702 1.474001 3.539437 1.474001 10.38612 3.570201 3.539437 3.570201 30.08018|
|105|0.002118413|202.5512 183.3298 219.4409|6.622238 11.36315 15.94049 11.36315 33.20834 39.88234 15.94049 39.88234 64.86143|
|106|0.00079006|241.5589 165.3929 216.5562|4.949869 4.537585 -2.146421 4.537585 18.32338 -5.946817 -2.146421 -5.946817 5.791561|
|107|0.001478|204.8198 257.5871 206.6702|4.135331 5.206433 -0.2723579 5.206433 40.54271 6.103695 -0.2723579 6.103695 5.794994|
|108|0.0009460849|228.2356 108.8161 211.048|13.59841 -2.751396 -1.97591 -2.751396 6.564206 0.585254 -1.97591 0.585254 5.662621|
|109|0.001022489|219.3946 219.3724 211.4576|3.125997 -1.097297 -0.3224128 -1.097297 11.25233 -1.02604 -0.3224128 -1.02604 7.017236|
|110|0.001901742|253.1236 204.7724 171.157|44.09717 -3.596212 -11.45128 -3.596212 4.952644 -0.9477533 -11.45128 -0.9477533 10.64575|
|111|0.001320381|192.1771 175.4007 213.0401|2.373678 2.275552 3.517418 2.275552 17.61164 19.41886 3.517418 19.41886 39.9294|
|112|0.001361996|283.4873 225.0036 221.6028|5.504618 -2.604176 2.850477 -2.604176 12.8248 7.237563 2.850477 7.237563 21.70333|
|113|0.001823845|190.4031 299.0898 241.1287|4.438752 0.6571182 4.97171 0.6571182 6.209289 0.152449 4.97171 0.152449 22.16431|
|114|0.0007457941|328.956 214.2282 193.2283|13.45413 -3.372091 -4.841172 -3.372091 2.805171 -1.513065 -4.841172 -1.513065 27.86345|
|115|0.001063208|209.1711 323.1956 314.5997|9.981335 2.81977 6.996951 2.81977 5.967112 2.769517 6.996951 2.769517 12.52547|
|116|0.002342926|196.9318 154.3089 200.405|23.98533 -2.813006 -32.26833 -2.813006 5.56608 2.765618 -32.26833 2.765618 59.52372|
|117|0.001394841|260.2632 260.8624 218.7127|4.438886 -4.008435 4.440695 -4.008435 45.13078 -53.06889 4.440695 -53.06889 70.19756|
|118|0.0006392109|175.7819 289.603 220.8648|3.898683 -1.042895 -2.943151 -1.042895 6.399683 4.682954 -2.943151 4.682954 11.44175|
|119|0.001268132|283.1086 207.728 209.4819|15.69938 7.357772 3.132679 7.357772 8.60097 -0.3793696 3.132679 -0.3793696 7.2734|
|120|0.0004041316|308.3905 197.066 174.3697|2.52734 0.7696605 1.997038 0.7696605 6.884898 9.027439 1.997038 9.027439 20.05961|
|121|0.002111465|242.5551 252.9755 182.0821|22.53488 -25.75744 9.287759 -25.75744 48.89568 -14.32559 9.287759 -14.32559 9.281551|
|122|0.0009503223|230.7146 170.6241 216.4675|9.011629 13.5587 -2.624169 13.5587 33.77674 -5.865135 -2.624169 -5.865135 4.847432|
|123|0.001777622|220.2463 119.9861 189.2555|9.730868 11.21647 -5.772199 11.21647 33.39046 -27.83358 -5.772199 -27.83358 36.98561|
|124|0.0016774|235.6268 191.9718 255.9495|15.26727 -5.332131 -13.54217 -5.332131 13.74487 6.579152 -13.54217 6.579152 23.73698|
|125|0.002235038|233.0504 352.7855 310.6208|17.49113 -40.15114 -53.57999 -40.15114 125.2891 160.0853 -53.57999 160.0853 218.1953|
|126|0.001796417|257.0099 198.6906 214.7911|6.359736 5.783148 -4.161811 5.783148 15.11566 -9.606629 -4.161811 -9.606629 15.31968|
|127|0.001264119|190.4313 311.4451 223.4775|10.18076 -3.913348 2.424058 -3.913348 10.3832 -1.386407 2.424058 -1.386407 6.359659|
|128|0.001484625|289.3952 141.1196 183.1172|17.5802 21.7268 4.087348 21.7268 42.95787 1.106177 4.087348 1.106177 8.488867|
|129|0.001498373|221.8008 270.9937 245.1|9.983471 6.589931 13.71856 6.589931 9.258378 11.50351 13.71856 11.50351 32.87984|
|130|0.00113072|318.0932 208.3807 184.848|24.97099 10.96076 -5.786151 10.96076 15.47538 13.33842 -5.786151 13.33842 31.22951|
|131|0.001138709|233.7571 261.5661 231.0231|4.20589 -2.656535 2.349047 -2.656535 12.10072 -3.729755 2.349047 -3.729755 6.869015|
|132|0.001888398|218.6188 358.4916 316.7667|8.244487 1.135475 5.889688 1.135475 9.078865 4.541713 5.889688 4.541713 29.37756|
|133|0.0006522522|258.7928 112.4062 179.1216|4.108083 1.604486 -1.636826 1.604486 11.40218 -7.85592 -1.636826 -7.85592 14.2793|
|134|0.0007106574|237.928 133.4026 217.9348|4.023818 -0.1763522 -1.546094 -0.1763522 4.320297 -0.8749246 -1.546094 -0.8749246 17.54798|
|135|0.001063723|196.357 327.4382 276.7746|5.91815 1.092625 -0.2703731 1.092625 11.80292 -6.929424 -0.2703731 -6.929424 9.996037|
|136|0.001131282|247.8561 309.0951 254.749|4.812201 -7.260906 -1.163157 -7.260906 34.25697 14.12846 -1.163157 14.12846 11.17699|
|137|0.0003186094|244.3605 281.9942 296.8478|15.32813 -8.408059 1.98749 -8.408059 10.37693 -0.395674 1.98749 -0.395674 2.102695|
|138|0.001265874|231.4713 296.4833 257.9233|4.487724 -2.030993 1.106567 -2.030993 8.673542 -5.950361 1.106567 -5.950361 12.83402|
|139|0.0008734704|232.7447 265.3548 256.7478|2.94591 0.1534347 -0.1463369 0.1534347 4.421806 1.37332 -0.1463369 1.37332 11.8093|
|140|0.001444405|269.6721 257.3006 252.4888|6.293715 -8.736339 -5.341822 -8.736339 27.89112 15.98561 -5.341822 15.98561 17.38329|
|141|0.002059031|236.8955 331.8089 287.0382|5.6185 10.8384 5.55792 10.8384 53.90091 21.62991 5.55792 21.62991 16.10605|
|142|0.00128423|311.8999 167.8699 188.2886|123.9759 45.82508 -17.9279 45.82508 21.44431 -6.682171 -17.9279 -6.682171 4.343394|
|143|0.002161121|251.7225 253.0359 258.9071|5.741985 2.804269 9.618279 2.804269 25.07538 17.90028 9.618279 17.90028 41.99244|
|144|0.0007544013|243.0156 262.933 213.7584|10.70443 -7.361801 -1.208995 -7.361801 11.2029 4.252391 -1.208995 4.252391 7.435786|
|145|0.0006580231|287.307 130.4001 182.857|8.963806 4.862782 2.669456 4.862782 7.484376 -0.9858763 2.669456 -0.9858763 8.006748|
|146|0.0008304541|268.1874 269.3604 277.4655|14.77274 -24.26148 -6.252001 -24.26148 47.92023 15.27135 -6.252001 15.27135 12.56218|
|147|0.002159815|218.0505 189.7911 207.7386|9.643215 1.06372 10.23443 1.06372 5.509645 1.678993 10.23443 1.678993 34.1446|
|148|0.001583939|212.254 212.1353 171.88|9.839531 -1.492257 -8.634616 -1.492257 8.908762 -2.610187 -8.634616 -2.610187 20.28536|
|149|0.0007769901|277.1992 138.0995 192.6782|43.47442 7.791119 5.742058 7.791119 5.73512 1.339782 5.742058 1.339782 2.496589|
|150|0.001703685|228.9498 135.3999 188.7316|14.14869 2.205299 15.37472 2.205299 4.610685 1.52931 15.37472 1.52931 32.59745|
|151|0.0004584595|256.4725 237.3907 246.0611|3.138751 -2.605431 -3.065201 -2.605431 9.048947 3.178186 -3.065201 3.178186 9.76342|
|152|0.0008206092|275.2062 203.2595 213.6242|4.036955 -0.9555948 -0.5464637 -0.9555948 6.060909 4.061084 -0.5464637 4.061084 15.08557|
|153|0.0006409943|272.4265 227.2977 174.2821|6.825935 -7.246262 0.4437262 -7.246262 25.18372 7.328784 0.4437262 7.328784 6.61669|
|154|0.001950262|230.1894 350.6108 292.0552|14.00928 -11.05999 0.49265 -11.05999 34.58933 11.79972 0.49265 11.79972 13.433|
|155|0.0008600376|256.1604 272.5694 270.0972|28.38426 -22.01474 -42.47636 -22.01474 21.12645 37.43369 -42.47636 37.43369 75.4752|
|156|0.001195857|238.066 115.7767 212.0037|7.64697 15.2922 2.638685 15.2922 64.52168 13.48062 2.638685 13.48062 8.319652|
|157|0.001226431|271.7739 195.3118 202.6596|15.84776 7.159669 3.026971 7.159669 14.1644 -17.64986 3.026971 -17.64986 41.14245|
|158|0.001459074|212.3545 323.359 255.4398|4.229777 -1.699147 -10.48293 -1.699147 5.15787 8.791843 -10.48293 8.791843 57.09582|
|159|0.0009940187|213.0862 294.9137 259.7149|8.408306 0.5419887 4.885269 0.5419887 4.267639 1.984388 4.885269 1.984388 11.14368|
|160|0.0006670059|190.7737 236.2735 201.7842|3.121329 -0.9724829 -1.851219 -0.9724829 8.865678 2.4605 -1.851219 2.4605 8.008729|
|161|0.002159411|250.3676 268.4711 210.7971|11.39696 -17.70426 -31.56918 -17.70426 45.49709 64.7964 -31.56918 64.7964 117.3437|
|162|0.001356798|231.0847 291.9853 221.1151|7.189567 1.494146 3.437739 1.494146 5.900293 3.415142 3.437739 3.415142 17.4848|
|163|0.002057179|222.5126 198.5802 215.9465|7.300817 -7.701087 3.138632 -7.701087 29.22997 -4.332771 3.138632 -4.332771 7.326182|
|164|0.001763488|216.5295 292.8687 269.9801|15.60371 12.76421 10.49705 12.76421 16.42241 10.3777 10.49705 10.3777 13.24467|
|165|0.0009526733|251.2522 245.5265 245.9213|7.486069 1.315112 -4.088118 1.315112 4.489545 -1.96158 -4.088118 -1.96158 13.95545|
|166|0.00231008|203.9384 270.1868 253.9907|3.216522 -1.849333 0.3428403 -1.849333 26.71417 -7.832633 0.3428403 -7.832633 17.18664|
|167|0.001036174|224.9606 296.4729 220.0158|11.4962 -1.875398 0.6182906 -1.875398 5.998794 5.746728 0.6182906 5.746728 16.55986|
|168|0.001286964|243.1604 221.8355 216.285|10.91711 -10.28944 1.795405 -10.28944 19.09816 -0.6821597 1.795405 -0.6821597 5.927549|
|169|0.0006155771|233.5204 281.0841 226.1716|11.87063 4.703557 -13.28512 4.703557 4.516433 -5.93455 -13.28512 -5.93455 21.49789|
|170|0.001873272|177.522 294.6844 231.5665|3.794325 3.473037 2.842788 3.473037 21.13833 15.53411 2.842788 15.53411 21.27312|
|171|0.00141268|219.25 242.9213 186.1613|20.02764 -11.41877 -1.396039 -11.41877 12.54258 -0.9254872 -1.396039 -0.9254872 4.587175|
|172|0.0008182868|300.7123 183.0866 180.5507|24.3766 7.21071 20.59879 7.21071 4.604728 7.330192 20.59879 7.330192 25.06684|
|173|0.002359142|263.3732 243.9546 183.8193|27.17657 -54.61432 -24.30226 -54.61432 128.0365 56.99148 -24.30226 56.99148 32.0177|
|174|0.001193922|289.0989 195.491 208.3179|8.31114 6.4264 -1.434627 6.4264 14.48152 -6.65329 -1.434627 -6.65329 10.21385|
|175|0.001648363|183.889 261.9597 238.7426|2.967382 -3.319823 1.325997 -3.319823 27.69702 -4.012319 1.325997 -4.012319 8.94105|
|176|0.0007578626|209.2975 108.863 211.1302|27.90488 -15.66868 13.9552 -15.66868 11.63229 -9.443796 13.9552 -9.443796 13.28856|
|177|0.002066005|261.3675 223.8191 187.8724|56.1271 -77.08669 -6.05125 -77.08669 116.0912 5.251762 -6.05125 5.251762 5.205836|
|178|0.001065491|264.5027 225.2505 247.1257|8.068739 -2.765356 -3.712842 -2.765356 7.053238 3.432251 -3.712842 3.432251 13.40583|
|179|0.001955284|200.0161 147.36 180.6429|24.28876 -11.9004 -11.37831 -11.9004 22.25672 12.27212 -11.37831 12.27212 14.75795|
|180|0.002261975|269.124 225.1346 233.6991|4.959116 1.092121 -0.8282871 1.092121 5.339218 -4.033021 -0.8282871 -4.033021 47.39709|
|181|0.0008341109|176.7525 331.7106 236.6504|10.42072 -12.77279 -11.79701 -12.77279 25.02581 16.43651 -11.79701 16.43651 17.39169|
|182|0.00136322|203.8756 298.309 277.0248|5.402603 -1.137958 4.242188 -1.137958 4.828911 -0.5291692 4.242188 -0.5291692 18.28302|
|183|0.000569184|241.2131 215.3133 170.8575|8.648208 -0.4380957 -5.283756 -0.4380957 4.846479 -0.6398448 -5.283756 -0.6398448 6.993775|
|184|0.001870385|290.9029 187.6568 149.578|13.54442 -0.948009 3.456939 -0.948009 14.33791 1.203171 3.456939 1.203171 9.910769|
|185|0.001064009|203.3944 279.1208 227.9793|3.994883 0.01453765 0.4900557 0.01453765 4.583387 -0.1992879 0.4900557 -0.1992879 11.64468|
|186|0.001316986|221.1755 290.573 262.9733|14.5084 -5.532634 9.331453 -5.532634 6.419416 -6.849172 9.331453 -6.849172 15.60668|
|187|0.001426156|249.3174 246.573 216.216|17.59056 -12.71912 15.65435 -12.71912 14.23517 -15.33403 15.65435 -15.33403 25.64556|
|188|0.0009406423|241.4248 126.9777 175.074|9.097871 0.6698807 -6.734501 0.6698807 12.99404 1.840697 -6.734501 1.840697 10.92103|
|189|0.001171267|265.9172 184.245 172.674|9.059732 6.225067 -0.9421198 6.225067 10.97366 -2.590586 -0.9421198 -2.590586 8.148681|
|190|0.0009904708|248.6848 293.6304 234.5392|7.189818 -4.28352 -0.4148473 -4.28352 11.28364 8.283086 -0.4148473 8.283086 12.78472|
|191|0.001081122|235.8989 225.9159 219.4418|7.836174 2.972003 -1.430796 2.972003 7.005058 -1.628973 -1.430796 -1.628973 9.302597|
|192|0.0009841163|212.2986 240.3087 168.1017|7.34825 -2.044592 -0.3098912 -2.044592 11.88594 2.897107 -0.3098912 2.897107 6.606642|
|193|0.0009211422|252.608 264.1921 269.5197|16.08109 2.863052 -13.27155 2.863052 6.282014 -3.494815 -13.27155 -3.494815 18.67679|
|194|0.002055846|194.2862 234.565 219.4557|3.806827 3.748724 4.885477 3.748724 22.94188 17.35451 4.885477 17.35451 25.57748|
|195|0.002008773|203.7322 314.055 283.697|3.203632 2.291113 3.404183 2.291113 22.01226 17.44496 3.404183 17.44496 25.69372|
|196|0.0006518333|254.7168 205.7522 222.4302|6.172998 2.832634 -3.704198 2.832634 5.421663 -4.425971 -3.704198 -4.425971 9.353333|
|197|0.001459301|236.9813 231.2173 239.2987|2.860576 0.8839064 -0.8486447 0.8839064 23.80598 0.01683159 -0.8486447 0.01683159 8.566343|
|198|0.0007317175|250.773 248.9914 194.7625|23.52013 -10.80656 -3.52478 -10.80656 12.05595 -0.3501141 -3.52478 -0.3501141 4.302351|
|199|0.001284843|213.2907 364.4972 330.8387|6.322981 -0.6824539 -2.862571 -0.6824539 6.853662 13.22506 -2.862571 13.22506 74.51829|
|200|0.0008776801|235.0147 154.8611 218.6238|9.236953 5.659561 -0.2331708 5.659561 14.63885 2.526097 -0.2331708 2.526097 4.505531|
|201|0.001550265|194.2528 237.9234 189.6542|6.268696 -0.3029865 -1.17424 -0.3029865 13.41949 -16.89766 -1.17424 -16.89766 37.84539|
|202|0.0009100727|208.4243 264.1157 225.952|3.804651 -2.492047 0.6932374 -2.492047 7.923786 0.9753861 0.6932374 0.9753861 7.631462|
|203|0.001926782|268.1414 176.6219 157.1831|20.58629 -3.011419 -22.03665 -3.011419 5.639853 0.1277596 -22.03665 0.1277596 44.46006|
|204|0.001365826|222.8886 261.5053 235.6295|3.363189 -1.295717 -0.1058237 -1.295717 25.20218 -3.597358 -0.1058237 -3.597358 4.554119|
|205|0.001232939|290.5729 150.9184 192.3779|50.26417 10.9888 -13.73907 10.9888 6.533653 -3.208692 -13.73907 -3.208692 6.900087|
|206|0.0007556374|337.0684 205.0793 181.8707|3.743207 -1.142909 2.71482 -1.142909 14.20942 6.872521 2.71482 6.872521 18.96175|
|207|0.0004544375|241.5462 103.9771 212.3772|9.050442 -0.3478587 -2.579797 -0.3478587 4.271627 0.7683819 -2.579797 0.7683819 5.306267|
|208|0.0002739638|279.8128 203.8902 188.504|2.818343 0.06844768 -3.693726 0.06844768 10.78093 -7.138828 -3.693726 -7.138828 12.62647|
|209|0.001204577|239.4736 329.7144 276.0009|7.039387 3.830436 2.856405 3.830436 10.39178 5.514823 2.856405 5.514823 11.35201|
|210|0.0009840431|203.6394 278.6217 205.6238|13.795 -7.502464 -7.10843 -7.502464 9.376733 2.354571 -7.10843 2.354571 9.147322|
|211|0.0006476198|227.7628 236.5932 235.756|10.45059 -0.6133657 -8.88859 -0.6133657 2.301798 -0.884262 -8.88859 -0.884262 19.40127|
|212|0.00161828|190.8063 312.0515 305.2302|7.611215 2.802319 6.199322 2.802319 12.97286 2.56644 6.199322 2.56644 13.90419|
|213|0.001930492|275.9019 186.8501 152.0928|22.94919 15.41094 -3.781133 15.41094 18.62066 3.338136 -3.781133 3.338136 17.3614|
|214|0.0003457984|255.5637 113.8578 172.7156|9.290001 0.4837996 0.1032246 0.4837996 8.282448 -3.686516 0.1032246 -3.686516 3.083926|
|215|0.001260639|257.3617 194.6258 174.9593|4.695406 -0.5122043 -3.609084 -0.5122043 5.616498 -1.850997 -3.609084 -1.850997 18.33547|
|216|0.001277804|267.894 251.8337 225.6088|5.290955 -1.659588 -0.0897047 -1.659588 15.79288 6.297939 -0.0897047 6.297939 10.54274|
|217|0.001069745|255.9013 208.4732 164.3993|19.98895 -2.355437 5.569037 -2.355437 4.088817 -1.006818 5.569037 -1.006818 8.139639|
|218|0.000684513|312.8322 174.7011 165.8329|11.10201 1.438879 4.406758 1.438879 17.34018 0.1693769 4.406758 0.1693769 4.202149|
|219|0.001178229|216.2114 334.3518 267.7242|5.502954 -0.4419424 1.107062 -0.4419424 4.80443 -4.852029 1.107062 -4.852029 16.08667|
|220|0.001817344|176.3268 342.6048 245.2638|11.61775 4.272681 1.04944 4.272681 7.265815 -3.239326 1.04944 -3.239326 24.86945|
|221|0.00118182|226.6072 203.1272 212.5172|62.39072 -77.61845 12.27052 -77.61845 103.3014 -16.59172 12.27052 -16.59172 5.646851|
|222|0.0007947541|290.577 179.7656 169.3599|2.641269 -1.479017 0.3295277 -1.479017 27.25387 -9.232953 0.3295277 -9.232953 10.14659|
|223|0.0006271658|234.5723 217.294 220.1326|6.625017 -5.260434 0.4095684 -5.260434 8.240417 -3.519095 0.4095684 -3.519095 7.186683|
|224|0.001132969|290.3528 213.5856 214.5954|5.54479 0.02239445 4.375527 0.02239445 6.632507 -0.4368966 4.375527 -0.4368966 13.79306|
|225|0.001398774|204.322 329.3059 255.3154|9.599095 -4.857756 3.296674 -4.857756 8.152078 -8.764167 3.296674 -8.764167 24.35505|
|226|0.001063884|239.0763 349.6536 296.7614|3.685647 -2.923256 -1.344211 -2.923256 17.12412 6.290095 -1.344211 6.290095 10.08148|
|227|0.0009779599|264.2273 230.9357 258.0623|7.960981 2.560292 6.49873 2.560292 15.63489 11.04014 6.49873 11.04014 15.00281|
|228|0.0006048763|273.0998 247.8382 242.0914|12.83119 -6.528865 16.62573 -6.528865 7.109214 -7.540143 16.62573 -7.540143 27.87632|
|229|0.0007752526|210.8691 116.9413 208.5239|13.57857 -6.526493 -1.206883 -6.526493 10.04643 1.800585 -1.206883 1.800585 5.171828|
|230|0.00159995|196.8905 127.6836 187.8199|5.698253 -0.01297783 -4.90308 -0.01297783 31.64338 -21.26847 -4.90308 -21.26847 27.48849|
|231|0.001302231|276.4082 146.9834 188.6378|21.58531 12.63342 10.21768 12.63342 13.3127 2.687545 10.21768 2.687545 16.57104|
|232|0.000456394|339.0313 174.4316 180.2928|2.608397 -0.005234737 -0.866476 -0.005234737 13.2707 2.324622 -0.866476 2.324622 7.550384|
|233|0.0005514218|209.5023 306.705 242.5063|3.358677 -0.5551987 1.156694 -0.5551987 2.562056 0.1610288 1.156694 0.1610288 8.578484|
|234|0.002298776|226.048 181.8643 234.8354|7.13744 12.97464 13.55755 12.97464 57.24528 38.61633 13.55755 38.61633 44.54452|
|235|0.001288244|237.1493 156.3256 204.5754|31.32322 47.52336 17.17085 47.52336 78.66302 24.67144 17.17085 24.67144 13.40124|
|236|0.001076946|194.58 270.2472 197.9282|5.675777 -1.610297 0.7926153 -1.610297 23.81069 -2.171121 0.7926153 -2.171121 4.151254|
|237|0.002021981|194.5858 276.3714 207.5904|4.654763 2.73554 1.235591 2.73554 14.33833 -3.245302 1.235591 -3.245302 22.84039|
|238|0.001903697|195.5563 326.9887 258.3471|12.40399 1.230865 -15.73268 1.230865 7.061492 -1.455925 -15.73268 -1.455925 30.61904|
|239|0.001236733|212.0455 233.5964 190.8421|15.48668 -9.151063 3.411265 -9.151063 9.442408 -3.605926 3.411265 -3.605926 7.279255|
|240|0.0006873403|236.8068 111.4309 181.6967|3.418226 -3.311867 -0.2398801 -3.311867 33.91179 -11.2147 -0.2398801 -11.2147 7.870707|
|241|0.0007651316|259.3309 126.5458 172.3034|8.402752 2.587014 2.195403 2.587014 10.43432 2.023937 2.195403 2.023937 5.127419|
|242|0.001969653|184.3179 235.0691 211.4116|4.270316 3.375068 4.757394 3.375068 16.71564 11.49123 4.757394 11.49123 21.59887|
|243|0.00197475|226.3202 350.5363 314.8562|9.249513 13.46857 13.10809 13.46857 49.34665 41.06627 13.10809 41.06627 43.46601|
|244|0.0008819382|218.4921 292.6595 218.7179|2.658089 0.6175216 0.9808697 0.6175216 16.63281 7.195721 0.9808697 7.195721 14.37102|
|245|0.0009998544|207.2369 234.3076 207.4754|13.75351 6.584601 9.774186 6.584601 8.861556 7.394363 9.774186 7.394363 13.77802|
|246|0.0006984381|334.9342 188.6171 175.4167|5.519845 10.96147 5.550177 10.96147 49.42673 6.301269 5.550177 6.301269 12.82981|
|247|0.00127753|221.6513 261.7328 247.0233|3.993357 2.698697 3.289606 2.698697 11.33733 6.751913 3.289606 6.751913 12.57048|
|248|0.001131867|243.6717 270.6792 228.4201|11.09439 -8.97517 -1.987256 -8.97517 13.03929 3.178063 -1.987256 3.178063 6.423707|
|249|0.001243247|197.7374 294.8959 287.5444|7.60315 1.845879 6.34612 1.845879 6.286604 4.099665 6.34612 4.099665 14.91407|
|250|0.0005802035|323.1506 201.7276 170.8874|30.5272 13.65505 7.315192 13.65505 15.87552 9.51311 7.315192 9.51311 7.302818|
|251|0.001762546|240.4992 286.3423 235.8436|3.532175 1.467598 2.345277 1.467598 36.7254 14.91455 2.345277 14.91455 12.8084|
|252|0.0008797172|251.7457 270.0611 272.5793|14.54316 -22.29838 -51.63651 -22.29838 44.60305 91.66624 -51.63651 91.66624 207.6785|
|253|0.001647444|207.4223 321.5297 292.4601|12.16922 1.412008 -6.291905 1.412008 9.194684 -0.02766447 -6.291905 -0.02766447 13.56702|
|254|0.001138708|191.5852 269.8078 250.9666|6.86477 -4.449804 3.160421 -4.449804 12.74864 -6.055743 3.160421 -6.055743 12.77118|
|255|0.0004733079|267.6738 245.4193 280.653|12.20269 2.512363 -6.614534 2.512363 5.360698 1.316062 -6.614534 1.316062 9.128839|
|256|0.001788199|276.3366 180.96 189.47|6.786026 -2.456233 6.118416 -2.456233 14.09555 -15.69752 6.118416 -15.69752 29.28272|
|257|0.001726054|192.7065 223.1348 200.8816|20.93916 -20.08749 -13.17728 -20.08749 27.0578 13.06262 -13.17728 13.06262 15.4676|
|258|0.001914522|215.6901 290.3758 288.3425|19.24714 9.402185 -1.891282 9.402185 13.18183 -1.364887 -1.891282 -1.364887 5.601879|
|259|0.00178094|210.647 311.6636 302.67|7.478016 -4.236493 -5.362163 -4.236493 36.81666 20.95229 -5.362163 20.95229 19.77566|
|260|0.001059282|212.5935 274.2946 254.0661|3.453716 -6.683491 -2.093872 -6.683491 44.11654 15.57985 -2.093872 15.57985 9.086659|
|261|0.001746658|211.981 268.9744 248.1834|3.025701 1.218336 -2.07232 1.218336 48.08592 -10.29593 -2.07232 -10.29593 12.06022|
|262|0.00106788|270.2127 208.3286 173.6051|2.246821 -0.7909844 -0.482961 -0.7909844 29.29063 3.390409 -0.482961 3.390409 19.42725|
|263|0.001235222|184.5778 270.5432 229.0082|3.280946 13.47552 11.2532 13.47552 100.8823 84.09844 11.2532 84.09844 75.08486|
|264|0.000961094|202.679 273.538 237.3246|20.04943 29.41041 34.96268 29.41041 51.61171 60.74284 34.96268 60.74284 80.16598|
|265|0.0006037083|225.3095 95.67877 209.1829|17.59691 -5.127491 3.701542 -5.127491 5.152879 0.7580036 3.701542 0.7580036 6.833134|
|266|0.001889757|287.7655 168.4333 178.8484|33.22046 9.201423 -11.14593 9.201423 8.080017 -1.163149 -11.14593 -1.163149 11.56824|
|267|0.001018815|280.6222 217.9032 216.0228|8.907018 1.824513 2.231613 1.824513 7.777088 -1.364709 2.231613 -1.364709 7.430032|
|268|0.00142943|264.644 266.3332 285.2593|23.85976 -27.56404 -32.30445 -27.56404 60.21103 48.50023 -32.30445 48.50023 53.09258|
|269|0.0009970347|172.4227 336.6961 251.6919|5.200321 2.071608 1.841313 2.071608 11.06217 0.1450391 1.841313 0.1450391 9.330599|
|270|0.002316491|246.2495 206.4164 214.2621|3.784769 -2.625762 -0.3743098 -2.625762 42.08519 1.870245 -0.3743098 1.870245 8.847738|
|271|0.000166497|216.7007 355.1894 292.7953|6.110077 -3.028283 -1.036024 -3.028283 4.113867 -0.9868929 -1.036024 -0.9868929 2.767352|
|272|0.0006233727|194.4642 307.3774 279.2616|2.369043 0.09434148 -0.04454787 0.09434148 4.73751 0.5686983 -0.04454787 0.5686983 9.625023|
|273|0.00201159|271.2144 241.1102 266.9042|9.767765 -6.670459 -13.5556 -6.670459 44.54697 55.00004 -13.5556 55.00004 80.36134|
|274|0.0005723692|197.5145 114.1374 200.5112|9.100113 -4.456891 2.939496 -4.456891 5.415368 -3.281538 2.939496 -3.281538 9.507655|
|275|0.001647688|283.288 182.8068 208.9462|18.26189 18.16602 1.422672 18.16602 25.3676 -1.622207 1.422672 -1.622207 9.779652|
|276|0.0007858038|199.2364 231.7194 177.6233|14.2691 -7.698329 -7.210781 -7.698329 7.707026 2.909923 -7.210781 2.909923 10.74125|
|277|0.001089219|246.5715 274.1423 214.5187|3.085079 -10.07594 -12.11714 -10.07594 60.91835 69.51252 -12.11714 69.51252 87.42242|
|278|0.001900619|259.4413 285.0882 239.6912|6.857121 3.661944 7.20538 3.661944 9.435853 7.269331 7.20538 7.269331 25.29326|
|279|0.0003048965|273.6541 223.8445 270.646|45.69925 2.018767 -35.94812 2.018767 2.729122 -1.687423 -35.94812 -1.687423 30.74188|
|280|0.0006168367|218.3723 142.461 176.4402|5.763769 -3.110537 1.12616 -3.110537 6.456666 -2.048104 1.12616 -2.048104 9.035327|
|281|0.001036922|335.3786 198.7106 188.1197|5.143237 3.673625 -1.657969 3.673625 30.7578 15.42853 -1.657969 15.42853 17.71361|
|282|0.002230055|244.0016 317.6124 268.156|10.49833 9.836203 7.80236 9.836203 20.10799 10.57065 7.80236 10.57065 15.74613|
|283|0.00187877|207.814 219.429 214.4228|2.571418 -7.720311 -0.8951496 -7.720311 103.0509 18.71246 -0.8951496 18.71246 8.618985|
|284|0.001682035|238.5006 303.7606 249.141|2.832349 -0.008909586 1.285591 -0.008909586 46.25499 14.54861 1.285591 14.54861 13.03597|
|285|0.0003582388|235.8842 136.9326 186.4435|6.080494 1.02837 0.2898354 1.02837 5.138736 3.145724 0.2898354 3.145724 5.287681|
|286|0.001603722|249.2879 272.5035 229.4088|17.05941 -8.735047 -6.226973 -8.735047 16.03184 15.08235 -6.226973 15.08235 23.40554|
|287|0.001616018|183.3783 289.6093 242.3289|4.254041 1.454641 5.278977 1.454641 9.73241 10.21418 5.278977 10.21418 26.9836|
|288|0.001952773|196.1441 233.7867 201.6567|9.172336 -10.9457 -10.21768 -10.9457 27.74553 20.56865 -10.21768 20.56865 27.81774|
|289|0.0009528659|288.6984 211.5023 227.3014|3.73099 -0.2274289 -6.658555 -0.2274289 6.756244 5.929158 -6.658555 5.929158 37.18752|
|290|0.000621697|203.1901 316.8706 256.2374|29.99376 -28.24525 -31.48001 -28.24525 28.66007 30.31948 -31.48001 30.31948 39.53944|
|291|0.001819259|250.1633 307.6546 271.1017|8.171584 8.140469 8.114533 8.140469 18.08525 12.20038 8.114533 12.20038 22.42725|
|292|0.001930756|264.7331 244.8516 236.7763|12.64231 10.76749 11.78722 10.76749 23.94747 17.45626 11.78722 17.45626 22.33162|
|293|0.001548131|190.7367 158.3065 192.6747|13.90187 -7.799788 -14.74874 -7.799788 12.69048 14.19403 -14.74874 14.19403 33.3534|
|294|0.001426401|293.4745 195.8197 159.5409|24.14719 -7.724284 0.6957588 -7.724284 7.455 -0.4458296 0.6957588 -0.4458296 8.588425|
|295|0.001244767|283.9168 202.519 168.6012|4.53961 -12.57261 -9.29179 -12.57261 62.70813 45.48589 -9.29179 45.48589 40.52502|
|296|0.001538935|219.7269 208.043 207.5597|5.742728 -3.613615 1.219013 -3.613615 25.75519 1.605791 1.219013 1.605791 5.951097|
|297|0.0007859493|299.6543 159.5652 172.581|12.47092 -1.683136 2.577259 -1.683136 6.358501 -2.531543 2.577259 -2.531543 6.137732|
|298|0.002282322|210.2079 201.545 203.9361|6.744447 -0.8116652 0.2521438 -0.8116652 27.26297 14.05135 0.2521438 14.05135 19.03344|
|299|0.001338409|250.4892 255.8775 270.7404|3.865854 5.703434 9.350799 5.703434 36.50866 51.15134 9.350799 51.15134 87.68963|
|300|0.001505872|193.7707 285.8745 229.5284|8.920472 10.07316 9.789652 10.07316 21.78984 19.39698 9.789652 19.39698 23.18053|
|301|0.001371359|256.3472 263.58 201.3666|5.126616 -9.98027 -9.966746 -9.98027 56.57089 35.05294 -9.966746 35.05294 33.45518|
|302|0.002345038|184.569 340.0928 248.1834|14.78208 1.482396 -11.24355 1.482396 11.28501 -5.935111 -11.24355 -5.935111 23.10365|
|303|0.001310559|247.88 245.9039 223.155|5.912497 -7.911913 3.454787 -7.911913 21.11116 -8.341323 3.454787 -8.341323 10.50264|
|304|0.002028025|255.3021 269.7552 275.8584|28.56657 -24.0859 -49.78239 -24.0859 35.82843 54.91096 -49.78239 54.91096 109.8445|
|305|0.001479657|247.7255 234.1545 218.3911|23.07438 -12.66402 7.415053 -12.66402 11.08053 -4.780485 7.415053 -4.780485 12.62933|
|306|0.0015752|199.9691 163.0172 207.3235|4.927745 1.075383 -7.308252 1.075383 9.971909 -5.567852 -7.308252 -5.567852 31.39633|
|307|0.0005983239|234.1258 121.2653 210.542|5.529058 1.198825 5.330353 1.198825 4.875785 1.847499 5.330353 1.847499 12.90949|
|308|0.001905667|254.8356 273.6224 290.0851|16.76519 -17.75341 -11.6277 -17.75341 43.56588 23.8274 -11.6277 23.8274 26.56773|
|309|0.001211414|205.4208 227.527 207.0152|3.139853 0.5369117 0.5642734 0.5369117 19.66111 10.74981 0.5642734 10.74981 17.51784|
|310|0.001293738|300.1367 174.1209 185.2361|131.0644 58.6357 -2.121885 58.6357 29.63395 -1.008431 -2.121885 -1.008431 3.672398|
|311|0.001671164|245.7494 296.5355 248.4915|2.29196 -6.132811 -2.080193 -6.132811 109.2443 64.52041 -2.080193 64.52041 48.0787|
|312|0.0008648266|183.4816 283.2829 230.56|5.918218 14.03327 13.76422 14.03327 41.96895 38.00742 13.76422 38.00742 46.37314|
|313|0.001186424|249.0759 107.9919 180.4666|26.79124 11.39923 -12.35601 11.39923 17.80063 -14.42216 -12.35601 -14.42216 15.90414|
|314|0.0007727112|257.3158 209.4851 213.1536|5.10417 -3.006456 -1.045515 -3.006456 5.555068 1.500226 -1.045515 1.500226 13.61207|
|315|0.0010311|196.806 258.6236 245.28|2.128568 -5.064285 -3.2922 -5.064285 29.55937 23.10955 -3.2922 23.10955 27.70745|
|316|0.0007737634|255.509 271.347 296.1877|13.96744 -20.77658 -10.95529 -20.77658 48.72045 26.91545 -10.95529 26.91545 17.88905|
|317|0.0005895856|332.3566 171.3354 172.8272|18.55132 2.669911 10.6834 2.669911 11.4656 -0.6251845 10.6834 -0.6251845 9.554812|
|318|0.0009532875|250.7215 124.6309 173.7914|17.85587 -10.67554 -0.0913334 -10.67554 14.16111 -0.9615006 -0.0913334 -0.9615006 5.935518|
|319|0.002004641|229.176 162.8233 204.2323|27.37048 34.92972 -2.633655 34.92972 51.57722 -4.032757 -2.633655 -4.032757 5.141947|
|320|0.001321621|218.0917 168.9388 215.4364|15.37933 -18.30767 6.644443 -18.30767 27.89051 -6.544642 6.644443 -6.544642 16.0137|
|321|0.0002562006|257.1753 220.3042 270.7664|14.94377 0.8965873 -6.763501 0.8965873 1.8593 -1.582674 -6.763501 -1.582674 6.533445|
|322|0.00124093|205.2418 168.9386 212.0785|10.54482 -4.985552 21.77324 -4.985552 8.728465 -10.68251 21.77324 -10.68251 66.20934|
|323|0.0007328988|238.3587 137.0405 195.8093|16.33769 -1.005578 1.071802 -1.005578 2.577606 -2.288378 1.071802 -2.288378 10.83049|
|324|0.0007270322|268.8375 193.8949 193.1472|11.64284 7.26554 -10.34773 7.26554 14.72279 -12.7407 -10.34773 -12.7407 19.55087|
|325|0.00146366|214.8791 122.081 193.5211|7.479222 -2.49854 -2.580731 -2.49854 13.90681 -19.67483 -2.580731 -19.67483 59.90607|
|326|0.001429354|273.3261 173.7972 198.0963|10.36989 2.214905 4.786568 2.214905 7.528466 -4.393119 4.786568 -4.393119 20.98468|
|327|0.001216915|208.6458 252.6975 248.9703|5.053278 4.604179 0.1236904 4.604179 12.02192 0.3084257 0.1236904 0.3084257 7.177676|
|328|0.001586288|234.2522 214.8875 161.1572|45.46371 -20.81735 -5.865979 -20.81735 15.8453 4.121356 -5.865979 4.121356 5.243297|
|329|0.0007466204|186.8707 245.5773 208.4115|17.26244 -2.72714 -5.330949 -2.72714 8.882871 -0.1457586 -5.330949 -0.1457586 4.754695|
|330|0.0008026816|241.7295 256.6115 243.4132|19.27704 -5.579701 9.570281 -5.579701 4.069543 -3.681113 9.570281 -3.681113 10.91188|
|331|0.001784198|239.859 178.3952 213.1579|5.808042 -8.145268 0.4809987 -8.145268 30.43268 -0.9995934 0.4809987 -0.9995934 6.096539|
|332|0.001885166|207.4605 324.5054 301.1204|18.21486 15.90977 -10.81987 15.90977 25.12143 -17.18935 -10.81987 -17.18935 20.46664|
|333|0.002022858|275.2532 146.0214 179.6651|42.59805 -0.4197438 8.487085 -0.4197438 6.172012 -0.8091884 8.487085 -0.8091884 7.761537|
|334|0.0006744872|234.5008 357.2885 305.0109|3.397918 -3.372242 3.290699 -3.372242 8.387225 -5.664279 3.290699 -5.664279 23.14034|
|335|0.0008356603|204.3625 265.2659 268.9547|7.136689 4.347534 3.572667 4.347534 10.48196 5.137007 3.572667 5.137007 5.982499|
|336|0.001617322|214.428 329.1693 279.8341|18.67747 5.303679 -31.59279 5.303679 5.175458 -12.7332 -31.59279 -12.7332 74.82011|
|337|0.001202497|219.2315 232.5323 244.1816|7.39005 -8.641563 -1.735299 -8.641563 19.93579 4.210017 -1.735299 4.210017 7.897668|
|338|0.001288338|310.3158 183.8752 172.4342|21.97962 1.603269 -10.57655 1.603269 7.078206 3.856953 -10.57655 3.856953 16.02504|
|339|0.001280691|212.8045 368.1024 319.9067|14.2837 9.437123 2.774554 9.437123 11.67509 0.9127583 2.774554 0.9127583 15.66611|
|340|0.001433927|210.8544 318.0265 239.5562|14.47143 -0.09976581 5.339991 -0.09976581 3.878455 0.658282 5.339991 0.658282 10.867|
|341|0.001260635|200.0296 324.4958 244.397|13.47351 7.160241 11.00549 7.160241 8.108897 9.690304 11.00549 9.690304 22.77847|
|342|0.001368003|240.1085 122.7037 183.5724|5.90103 4.319311 1.822595 4.319311 20.63771 -4.794027 1.822595 -4.794027 16.00175|
|343|0.0009355814|281.3028 159.4242 183.9065|4.98042 -4.033777 0.6988728 -4.033777 26.28119 8.26079 0.6988728 8.26079 10.90403|
|344|0.0007801366|329.1383 205.2541 198.8923|8.160501 -1.873789 -5.080235 -1.873789 22.13187 5.637455 -5.080235 5.637455 8.795486|
|345|0.002079931|229.8528 246.9098 248.0117|2.794673 -2.351449 -0.3349907 -2.351449 72.08205 2.220647 -0.3349907 2.220647 5.095666|
|346|0.0009654067|188.7784 295.766 231.8659|10.88028 -7.376462 4.344884 -7.376462 11.27529 -4.103885 4.344884 -4.103885 9.76691|
|347|0.001907811|220.1048 250.021 255.5892|6.231352 5.340241 2.743362 5.340241 23.18358 9.542713 2.743362 9.542713 11.54868|
|348|0.0007164688|289.601 224.8027 252.9469|2.488299 2.174149 -0.3493722 2.174149 20.47568 6.144129 -0.3493722 6.144129 10.25109|
|349|0.002288073|215.0469 105.1509 204.5583|39.80087 -22.76277 6.300209 -22.76277 20.48022 -5.521596 6.300209 -5.521596 15.92695|
|350|0.00129441|266.8025 231.4972 254.0952|14.89352 -5.302418 9.363302 -5.302418 12.57068 0.553464 9.363302 0.553464 17.98259|
|351|0.002077197|209.6226 285.312 277.3728|7.40988 17.97865 10.67313 17.97865 117.1596 62.00435 10.67313 62.00435 36.07648|
|352|0.002027153|207.9195 324.7114 273.7376|4.388286 -1.540896 1.365538 -1.540896 6.897559 -1.85622 1.365538 -1.85622 23.37793|
|353|0.001308342|222.6705 230.9841 187.6248|8.086243 2.968141 -5.047472 2.968141 7.120566 -4.160446 -5.047472 -4.160446 11.72371|
|354|0.002265966|319.861 204.182 185.5249|23.25877 8.34648 -4.15037 8.34648 14.00868 10.86368 -4.15037 10.86368 39.59821|
|355|0.0007116017|224.6058 192.9134 206.377|13.29848 -8.700107 11.17027 -8.700107 10.5978 -11.25084 11.17027 -11.25084 18.02147|
|356|0.001896142|225.9501 153.572 215.8444|14.74393 26.508 2.160598 26.508 64.86861 4.641931 2.160598 4.641931 5.688058|
|357|0.001629489|225.0803 327.3604 288.4885|7.234689 7.396142 6.191588 7.396142 16.67031 10.15426 6.191588 10.15426 13.35754|
|358|0.0009182824|212.9901 312.0695 252.2292|4.724156 3.21049 6.698669 3.21049 7.510629 4.242971 6.698669 4.242971 17.96004|
|359|0.001296942|197.3973 309.2811 238.7108|5.88661 9.304486 0.4397606 9.304486 49.89756 11.22681 0.4397606 11.22681 8.203068|
|360|0.0008762793|263.6356 187.518 204.6826|3.376714 2.146284 2.738298 2.146284 23.85812 -15.92415 2.738298 -15.92415 22.6496|
|361|0.002146957|223.628 243.852 236.8657|2.291923 3.393661 0.3166778 3.393661 58.34437 -0.8296562 0.3166778 -0.8296562 7.587655|
|362|0.001678598|229.0776 196.9581 175.1694|58.53357 -30.00117 3.438649 -30.00117 18.18387 -2.788213 3.438649 -2.788213 8.546219|
|363|0.001075691|196.5136 247.5048 175.8715|20.01977 0.2255629 0.45007 0.2255629 6.503905 -2.553607 0.45007 -2.553607 6.12496|
|364|0.001506923|179.3348 333.7755 238.3511|9.252757 -8.976198 -9.564826 -8.976198 24.30356 6.860533 -9.564826 6.860533 16.80805|
|365|0.001984986|235.3957 306.5273 259.5523|11.0899 8.680279 6.571115 8.680279 14.00106 5.636493 6.571115 5.636493 12.19036|
|366|0.0009709482|227.9459 124.3786 197.09|46.31293 -2.465016 45.99187 -2.465016 2.66765 -3.892895 45.99187 -3.892895 55.39825|
|367|0.0005598831|308.2816 173.5753 168.692|3.850431 -0.2046267 -2.436818 -0.2046267 19.58414 -0.9020109 -2.436818 -0.9020109 7.581085|
|368|0.001491697|194.0352 336.8653 250.6247|12.9779 -10.17452 -6.07664 -10.17452 14.92599 4.231241 -6.07664 4.231241 12.04623|
|369|0.002291138|192.9512 258.9213 209.6116|10.31619 27.61007 -7.425636 27.61007 96.47842 -26.04031 -7.425636 -26.04031 22.16063|
|370|0.001799952|278.8487 204.1164 180.4226|25.97069 -26.04982 -17.54597 -26.04982 33.67754 17.98119 -17.54597 17.98119 20.74754|
|371|0.00134613|255.4916 244.8254 177.3217|39.15411 -50.9742 -14.91117 -50.9742 80.26224 23.14575 -14.91117 23.14575 8.6516|
|372|0.0008576688|187.7282 274.9875 216.7715|3.696575 14.02696 4.625661 14.02696 89.82816 27.23314 4.625661 27.23314 13.36825|
|373|0.0009773362|277.8281 182.6544 207.3837|7.749805 5.02619 -6.258001 5.02619 9.791154 -11.25076 -6.258001 -11.25076 22.2959|
|374|0.002119115|250.1135 194.9909 203.6311|10.52195 18.74368 6.22577 18.74368 55.72683 10.8495 6.22577 10.8495 8.884637|
|375|0.0003493897|223.5417 246.8184 178.7181|9.148142 0.2624812 -4.181058 0.2624812 2.343363 -1.344717 -4.181058 -1.344717 6.557449|
|376|0.002206681|258.279 127.0237 192.0659|88.10191 31.01721 -47.42511 31.01721 14.99076 -17.64542 -47.42511 -17.64542 34.36276|
|377|0.002276273|212.2803 179.193 230.7798|27.80743 50.33383 53.02522 50.33383 110.8939 107.8022 53.02522 107.8022 115.0025|
|378|0.0008488024|208.5737 273.282 232.3341|55.70998 -2.516413 -50.3707 -2.516413 4.408458 2.412632 -50.3707 2.412632 49.6342|
|379|0.001465709|278.3611 219.0553 235.1205|4.891334 0.2438244 -8.922264 0.2438244 5.084639 0.4621338 -8.922264 0.4621338 76.00684|
|380|0.0006525143|322.1485 195.2431 194.0212|33.37067 7.253804 0.9012496 7.253804 6.046849 5.809398 0.9012496 5.809398 12.01966|
|381|0.0007934478|244.5709 255.0702 197.1413|6.283643 1.14668 -4.438994 1.14668 3.289903 -0.2678583 -4.438994 -0.2678583 48.95016|
|382|0.001551351|277.9117 179.0972 148.1586|10.0704 3.602821 3.277934 3.602821 12.84205 -4.311033 3.277934 -4.311033 16.60653|
|383|0.0008448439|249.8788 215.3336 256.0706|12.24214 -5.06383 7.007763 -5.06383 23.84864 -6.970554 7.007763 -6.970554 10.46444|
|384|0.001337651|289.5666 161.3618 186.5237|21.63353 15.99716 -0.4693085 15.99716 25.4882 2.087999 -0.4693085 2.087999 5.653893|
|385|0.001177747|190.2934 166.017 200.775|4.097203 -0.3695275 -4.429736 -0.3695275 9.079719 6.894942 -4.429736 6.894942 25.23307|
|386|0.0008393336|202.2477 267.3494 205.7039|11.80802 2.307993 0.7627082 2.307993 7.943726 -0.4571849 0.7627082 -0.4571849 4.910758|
|387|0.0005425161|251.4882 250.6735 281.4092|31.43423 -1.158054 11.84728 -1.158054 6.526632 -0.6725267 11.84728 -0.6725267 5.829888|
|388|0.002262618|204.2393 304.2533 290.1725|8.288 4.479513 11.88231 4.479513 10.74111 11.44486 11.88231 11.44486 37.58519|
|389|0.001596688|262.1378 222.3122 176.062|16.36574 -30.49144 -0.8680262 -30.49144 73.57249 1.012595 -0.8680262 1.012595 4.816782|
|390|0.0005591257|224.1884 170.6856 229.9253|29.68718 16.88326 30.25893 16.88326 14.51707 17.24557 30.25893 17.24557 37.85968|
|391|0.001806597|250.332 247.1304 202.7468|9.585542 6.739286 -13.65779 6.739286 46.49547 -36.85804 -13.65779 -36.85804 44.84907|
|392|0.0005057721|181.6505 261.0839 229.6229|1.832866 -3.54146 5.347247 -3.54146 16.23446 -22.91581 5.347247 -22.91581 43.5799|
|393|0.001875993|284.1742 188.7246 155.2851|9.300649 8.942259 -2.162463 8.942259 39.0578 -1.00146 -2.162463 -1.00146 9.739481|
|394|0.0005565361|314.0228 196.8101 171.3079|10.75938 1.609423 1.302129 1.609423 8.411808 5.516944 1.302129 5.516944 8.466936|
|395|0.001914454|224.5478 327.7435 271.0819|11.20527 4.275986 8.80593 4.275986 10.33928 7.535063 8.80593 7.535063 18.76717|
|396|0.0007614822|227.7598 313.0669 265.5362|2.454292 -0.08600114 0.2359375 -0.08600114 7.563798 -2.063293 0.2359375 -2.063293 5.428068|
|397|0.002092771|238.5196 321.0375 259.688|37.47085 -26.94638 1.943615 -26.94638 24.50736 -1.085441 1.943615 -1.085441 6.424473|
|398|0.001150038|197.6244 313.794 290.1143|8.541443 2.75032 -7.070145 2.75032 13.25817 17.62423 -7.070145 17.62423 52.64041|
|399|0.0009036022|222.2479 285.4531 277.844|4.844217 1.490761 2.068131 1.490761 6.143824 1.77606 2.068131 1.77606 7.522836|
|400|0.0004893452|249.3028 135.7775 187.0119|5.688039 0.1142067 -0.5553469 0.1142067 3.828943 -1.58651 -0.5553469 -1.58651 6.322805|
|401|0.001401366|245.1908 113.9235 190.8025|12.09738 -1.474823 3.05845 -1.474823 8.636271 -8.792825 3.05845 -8.792825 23.59032|
|402|0.00184401|199.0381 243.5376 213.4492|3.746704 -5.320395 -4.790537 -5.320395 39.72768 52.08689 -4.790537 52.08689 81.2382|
|403|0.001613015|235.167 206.8863 176.8752|40.9526 -15.29536 -4.226286 -15.29536 18.48947 -5.883283 -4.226286 -5.883283 8.975109|
|404|0.001228434|210.092 222.3497 193.1393|11.669 -2.400024 -8.736584 -2.400024 6.736214 -2.689154 -8.736584 -2.689154 17.2959|
|405|0.001467103|219.8269 130.2874 208.4527|6.031367 -0.4593093 -3.733261 -0.4593093 24.43617 11.68961 -3.733261 11.68961 16.87892|
|406|0.0009090819|313.7866 161.6324 185.0405|67.91465 45.37177 -12.3276 45.37177 38.90049 -5.244507 -12.3276 -5.244507 5.34265|
|407|0.001265001|207.1649 142.7692 186.4861|10.71475 -9.870028 -0.1279274 -9.870028 35.18971 1.203316 -0.1279274 1.203316 4.856605|
|408|0.00100494|287.2224 228.4308 234.7209|2.335134 -0.1177299 5.700774 -0.1177299 9.524674 14.71276 5.700774 14.71276 64.94863|
|409|0.001729223|283.5521 193.2449 172.2886|11.82669 -11.88765 -20.99139 -11.88765 21.69479 31.0784 -20.99139 31.0784 72.20763|
|410|0.00161271|254.3943 245.0186 212.9643|25.79899 -9.678501 16.71738 -9.678501 9.786649 -9.262045 16.71738 -9.262045 17.8832|
|411|0.001349194|221.5458 313.5156 247.1207|6.822698 0.590696 4.796553 0.590696 5.093759 2.724091 4.796553 2.724091 12.87459|
|412|0.001262315|208.5667 259.5726 257.0813|22.6893 -15.04939 -7.262143 -15.04939 13.27482 5.753363 -7.262143 5.753363 13.64415|
|413|0.000659687|286.8271 201.971 204.8984|4.006139 1.732318 0.4966651 1.732318 11.47067 3.226488 0.4966651 3.226488 6.377763|
|414|0.0005940552|275.285 225.1192 184.9141|19.19071 -24.29289 -18.28852 -24.29289 36.30475 21.77106 -18.28852 21.77106 20.44983|
|415|0.0002464919|245.707 128.0544 214.2711|2.233714 -1.538352 2.276298 -1.538352 3.412295 -3.502208 2.276298 -3.502208 12.90977|
|416|0.0008138466|231.2939 176.629 206.2448|15.74855 -24.71691 -2.858038 -24.71691 47.43338 3.503671 -2.858038 3.503671 3.681237|
|417|0.0006078848|330.6279 193.5628 169.4184|9.656338 7.372283 4.097796 7.372283 26.00817 9.31425 4.097796 9.31425 5.805786|
|418|0.00232658|214.2988 140.0271 181.7842|21.56668 -17.33493 1.850279 -17.33493 23.19655 -7.310657 1.850279 -7.310657 17.16448|
|419|0.0004278959|203.3772 297.7182 227.1472|50.12928 -80.05935 -6.878961 -80.05935 134.444 13.46137 -6.878961 13.46137 3.752018|
|420|0.0008692179|254.698 258.9026 254.9911|13.02102 2.469151 1.868594 2.469151 5.438225 -0.01970896 1.868594 -0.01970896 9.526263|
|421|0.0005822856|243.3804 111.1358 209.0423|7.195549 -7.968867 -5.348036 -7.968867 19.05511 4.568839 -5.348036 4.568839 9.640454|
|422|0.000937034|218.3304 148.0596 207.2816|49.96656 84.11136 3.915919 84.11136 145.7343 5.187246 3.915919 5.187246 4.411973|
|423|0.0004626856|194.5439 131.4046 193.9086|6.891509 -7.26678 -0.2597484 -7.26678 17.77695 -3.351159 -0.2597484 -3.351159 4.175815|
|424|0.0008396096|257.8018 238.7305 252.512|4.011322 -1.156658 -1.623809 -1.156658 9.491333 8.168351 -1.623809 8.168351 19.58554|
|425|0.001111268|333.006 175.1105 181.47|11.16016 -1.186909 -2.541977 -1.186909 21.79138 1.736519 -2.541977 1.736519 6.587557|
|426|0.001498458|252.1339 317.095 277.5436|7.716528 -7.911461 6.345562 -7.911461 18.66346 -12.19493 6.345562 -12.19493 17.36263|
|427|0.00207494|329.9015 202.697 185.9837|15.68252 5.104392 -0.7309571 5.104392 18.29695 8.557558 -0.7309571 8.557558 24.15765|
|428|0.0007322493|267.645 125.752 190.8226|78.83981 11.60389 -24.46412 11.60389 5.285314 -1.781133 -24.46412 -1.781133 10.9306|
|429|0.00127062|198.8388 314.094 277.7996|6.223293 -5.713869 -3.066793 -5.713869 30.79852 5.793751 -3.066793 5.793751 8.264029|
|430|0.001519226|236.4784 220.5875 235.8281|6.094288 0.8245364 -0.4344434 0.8245364 9.570732 3.979668 -0.4344434 3.979668 12.47574|
|431|0.0008909684|219.8129 372.4423 343.8044|15.59521 4.653891 -1.215589 4.653891 9.929072 -3.495627 -1.215589 -3.495627 8.337805|
|432|0.00126311|236.7172 289.3898 247.3958|3.604676 1.194812 1.116517 1.194812 14.78508 -0.6888353 1.116517 -0.6888353 6.689562|
|433|0.001318689|253.9196 240.0232 183.6677|7.834283 -12.12221 -5.197789 -12.12221 31.64876 12.12419 -5.197789 12.12419 19.42264|
|434|0.00162857|194.7249 269.7546 236.7655|4.986766 -0.2392197 -8.28391 -0.2392197 12.87703 5.614057 -8.28391 5.614057 28.36968|
|435|0.0003345128|238.3907 203.9858 234.6346|3.187442 2.703573 0.1600399 2.703573 6.63786 0.7253335 0.1600399 0.7253335 3.909328|
|436|0.00159052|210.554 302.145 268.2253|3.682128 2.304459 2.13185 2.304459 15.29928 11.00619 2.13185 11.00619 16.78297|
|437|0.002211014|199.3559 243.7017 191.9372|11.81684 -9.057876 -3.329388 -9.057876 14.21798 7.155466 -3.329388 7.155466 36.48967|
|438|0.0009252494|306.0568 174.1232 180.4693|30.01507 9.569059 -0.2110419 9.569059 7.421179 -1.219344 -0.2110419 -1.219344 7.564864|
|439|0.0007527737|234.3 142.6011 212.02|5.05056 7.02665 -0.89453 7.02665 17.42165 0.07891889 -0.89453 0.07891889 7.517594|
|440|0.0008356281|218.3525 284.4215 259.4615|4.997577 3.8014 3.216715 3.8014 8.121339 3.447889 3.216715 3.447889 8.483876|
|441|0.001482892|224.6767 153.316 210.3826|24.3914 47.46152 3.522417 47.46152 101.7467 10.85732 3.522417 10.85732 11.96926|
|442|0.001263689|209.5073 142.0539 171.2082|11.37148 0.1191322 -2.049877 0.1191322 14.09424 3.546028 -2.049877 3.546028 6.419059|
|443|0.001259683|210.07 256.1634 199.3883|3.202954 -7.059048 -2.35446 -7.059048 91.77298 4.513432 -2.35446 4.513432 5.647028|
|444|0.001665797|219.1773 279.5935 270.5526|7.882367 9.010296 3.687268 9.010296 21.67981 6.897858 3.687268 6.897858 9.456828|
|445|0.001482788|249.5795 281.4726 242.2218|5.561788 -6.275316 -6.424399 -6.275316 35.15713 27.62325 -6.424399 27.62325 27.2197|
|446|0.001419697|187.4446 256.2737 208.0489|8.210248 -0.7143042 -9.10007 -0.7143042 10.34529 3.08037 -9.10007 3.08037 20.24012|
|447|0.001807502|241.8653 205.8377 164.0152|43.28617 0.1110464 -0.3180058 0.1110464 6.639163 -4.178355 -0.3180058 -4.178355 9.36615|
|448|0.001390182|224.4561 139.094 214.5889|19.91938 20.62357 5.605233 20.62357 42.05886 12.73537 5.605233 12.73537 8.266692|
|449|0.001232123|293.3209 157.0782 179.7179|40.91682 -7.292236 -5.344536 -7.292236 8.81842 -2.169523 -5.344536 -2.169523 6.103912|
|450|0.001113448|210.442 178.1026 218.601|9.368156 20.57421 -8.277155 20.57421 55.41215 -21.8679 -8.277155 -21.8679 20.43718|
|451|0.0005892992|272.2823 210.9772 189.6478|12.82273 -19.37557 0.1461825 -19.37557 47.7 -5.456591 0.1461825 -5.456591 3.451424|
|452|0.0005281412|196.819 281.5988 195.8107|9.406422 1.11263 -7.57217 1.11263 5.111938 0.1105459 -7.57217 0.1105459 10.68213|
|453|0.002141722|217.2703 248.0807 243.9508|4.351787 7.187842 0.4384534 7.187842 34.18027 -2.785738 0.4384534 -2.785738 7.477946|
|454|0.002143637|229.0237 339.0449 282.78|4.243519 1.647187 1.661047 1.647187 40.88351 20.70884 1.661047 20.70884 17.18416|
|455|0.0006999435|202.4733 248.3223 248.7154|35.21626 -15.63421 -18.02128 -15.63421 8.912856 8.621414 -18.02128 8.621414 14.86631|
|456|0.001535358|225.0915 205.3181 175.1799|46.19061 -11.29026 -5.815875 -11.29026 8.999258 3.964702 -5.815875 3.964702 10.85345|
|457|0.0008725143|239.6374 287.5805 254.0964|8.037616 4.849244 5.487523 4.849244 6.946972 4.216959 5.487523 4.216959 10.58699|
|458|0.0009722636|285.5577 202.9677 214.895|14.39317 14.62666 12.0452 14.62666 22.92293 12.00504 12.0452 12.00504 19.3127|
|459|0.002305339|188.7804 325.8274 249.2855|27.30148 -23.26418 -24.51497 -23.26418 29.41792 18.75214 -24.51497 18.75214 32.14784|
|460|0.001937419|316.1917 166.3987 181.1074|92.75002 26.47292 -6.977397 26.47292 16.75206 1.712646 -6.977397 1.712646 9.277445|
|461|0.002361842|248.5935 300.5568 256.5989|3.041273 -1.143245 -0.7809977 -1.143245 95.35406 93.91902 -0.7809977 93.91902 102.9497|
|462|0.0008864548|206.0599 111.3045 193.13|18.50623 -15.46456 7.095569 -15.46456 24.13547 -22.63064 7.095569 -22.63064 31.85845|
|463|0.001885148|224.8763 365.2584 315.136|18.05644 -8.801801 -2.356876 -8.801801 20.71181 23.85336 -2.356876 23.85336 45.13688|
|464|0.001386587|210.9536 310.5395 256.3657|3.284926 1.143836 7.456619 1.143836 6.267623 8.189213 7.456619 8.189213 42.16516|
|465|0.001094441|271.3599 183.1384 216.4251|15.83185 10.68339 6.808741 10.68339 20.45966 2.355365 6.808741 2.355365 6.858236|
|466|0.001732157|217.332 248.2396 228.791|11.88929 -16.83292 -1.992205 -16.83292 45.59886 2.890868 -1.992205 2.890868 4.382021|
|467|0.0008166964|232.5593 199.1141 182.9775|3.959812 -1.566084 0.8153048 -1.566084 10.49142 2.550409 0.8153048 2.550409 9.436234|
|468|0.002012188|178.4922 321.3163 251.6412|3.517786 -7.681623 -2.149387 -7.681623 69.59814 23.44453 -2.149387 23.44453 17.32047|
|469|0.001231393|213.8914 333.1447 290.1954|14.93687 8.497334 12.23328 8.497334 9.000468 6.952325 12.23328 6.952325 24.14304|
|470|0.001684336|210.0486 321.2784 255.4609|4.439224 -2.456069 -9.030818 -2.456069 4.668679 2.510829 -9.030818 2.510829 72.77222|
|471|0.001984747|193.5169 260.1432 248.4367|2.52963 -1.443673 1.347035 -1.443673 18.02564 -4.991046 1.347035 -4.991046 29.15243|
|472|0.0005001244|205.5751 234.3108 171.4687|44.07298 -25.95044 -17.29134 -25.95044 25.76325 11.54453 -17.29134 11.54453 7.782139|
|473|0.001406137|192.8633 323.028 264.548|14.54173 -8.394307 21.87142 -8.394307 8.933624 -21.37486 21.87142 -21.37486 78.00184|
|474|0.001848862|184.3983 254.9709 229.1945|2.832115 -1.08419 4.757789 -1.08419 28.27033 6.582645 4.757789 6.582645 30.6095|
|475|0.001458069|214.5012 244.2565 176.9635|12.39919 -3.855149 5.336889 -3.855149 6.88028 -5.07131 5.336889 -5.07131 17.19818|
|476|0.001824072|248.6502 291.0112 236.778|4.434459 -15.83553 -20.17855 -15.83553 157.304 207.4004 -20.17855 207.4004 281.5444|
|477|0.002166499|311.6909 173.494 174.479|28.07434 15.75205 -7.788973 15.75205 25.39857 -12.84568 -7.788973 -12.84568 15.94046|
|478|0.0007124256|194.3922 143.0529 195.5815|6.333588 -14.4537 -9.033157 -14.4537 59.01444 37.37415 -9.033157 37.37415 30.17424|
|479|0.0008108692|255.3974 254.8455 181.5497|11.38923 -18.886 -7.594923 -18.886 46.30452 21.08923 -7.594923 21.08923 12.52796|
|480|0.001146866|260.3526 237.1887 193.1486|33.21701 -45.53852 -13.50203 -45.53852 67.73691 18.33946 -13.50203 18.33946 10.08894|
|481|0.001372046|201.0805 269.5472 193.1113|4.051116 -1.98087 -1.479194 -1.98087 45.07546 1.035589 -1.479194 1.035589 7.4374|
|482|0.001718422|250.8033 209.0691 268.9048|53.24932 10.83793 29.0148 10.83793 6.862605 9.700213 29.0148 9.700213 38.86305|
|483|0.001100432|211.6566 197.0078 210.1184|8.667056 6.776082 4.756099 6.776082 13.15373 4.23443 4.756099 4.23443 9.652562|
|484|0.001100484|329.9986 209.3033 180.3507|10.01901 0.1074659 -0.3028557 0.1074659 11.89877 8.474417 -0.3028557 8.474417 14.8373|
|485|0.001045734|207.2585 193.0701 201.7389|4.231697 -2.065834 -0.4803872 -2.065834 7.57612 0.5727614 -0.4803872 0.5727614 12.31017|
|486|0.0006465179|226.0557 218.1931 240.5157|6.327683 -3.19331 1.639092 -3.19331 5.28986 -0.4102319 1.639092 -0.4102319 7.086356|
|487|0.002367594|239.2135 228.9314 227.5796|37.99871 -33.6819 -17.01374 -33.6819 36.06651 16.57131 -17.01374 16.57131 14.23469|
|488|0.0005413681|217.7268 330.7061 282.7625|4.385515 -7.687236 0.01746079 -7.687236 24.043 -0.4975003 0.01746079 -0.4975003 3.687497|
|489|0.001069938|230.3076 313.8262 276.2695|3.900764 3.328766 4.587062 3.328766 10.30922 8.160948 4.587062 8.160948 15.16541|
|490|0.001083821|219.86 307.9338 252.0821|5.173755 5.436952 5.986284 5.436952 13.03783 8.795859 5.986284 8.795859 16.89377|
|491|0.001457119|246.0468 190.2864 173.6722|114.2999 -77.19032 -32.81178 -77.19032 55.75193 22.21911 -32.81178 22.21911 14.28618|
|492|0.002244737|243.6878 247.0256 198.0849|16.06231 -23.02855 29.51546 -23.02855 42.73034 -50.85442 29.51546 -50.85442 78.26919|
|493|0.001339103|283.61 225.8024 232.3701|3.636769 1.05572 5.581958 1.05572 14.12506 10.72028 5.581958 10.72028 48.8773|
|494|0.001482558|195.127 251.6093 238.8587|2.73638 -0.08215985 0.9979126 -0.08215985 10.80346 10.76066 0.9979126 10.76066 26.41634|
|495|0.0005919072|178.4623 279.1981 218.5248|3.497504 3.902244 0.5214446 3.902244 34.23982 -5.318473 0.5214446 -5.318473 4.083377|
|496|0.001179486|195.4314 269.1376 228.5625|2.411394 -1.44924 -1.941271 -1.44924 27.66679 24.55207 -1.941271 24.55207 28.04118|
|497|0.0005512928|226.5613 238.6023 169.9676|11.37955 6.23949 9.442177 6.23949 13.54665 10.73327 9.442177 10.73327 12.98357|
|498|0.001097105|263.4836 282.3716 219.7968|6.169544 -5.684758 -2.735365 -5.684758 17.51933 -2.717709 -2.735365 -2.717709 17.33746|
|499|0.001736363|260.5452 253.6516 254.4688|4.55553 1.94352 2.253213 1.94352 16.41377 28.2611 2.253213 28.2611 78.14181|
|500|0.002208186|248.7116 126.7356 184.7162|10.28157 -1.261556 1.392642 -1.261556 12.70419 -3.787348 1.392642 -3.787348 25.20224|
|501|0.001810078|241.5723 195.8204 169.1797|39.36463 -12.23006 -8.165923 -12.23006 11.19527 1.302601 -8.165923 1.302601 7.437151|
|502|0.001130412|225.4098 193.5894 201.6007|6.828397 -7.552816 2.992792 -7.552816 22.42817 -7.668298 2.992792 -7.668298 5.600837|
|503|0.001504877|261.1111 271.0875 219.9952|12.76075 9.069959 -4.880337 9.069959 16.23084 6.32263 -4.880337 6.32263 27.09294|
|504|0.000719816|207.3261 260.2525 195.2681|6.746179 -17.7812 4.966721 -17.7812 80.9199 -16.89214 4.966721 -16.89214 6.853096|
|505|0.001885421|210.8421 238.8705 178.3812|76.37586 -21.86346 1.070748 -21.86346 11.76966 -2.29702 1.070748 -2.29702 4.632175|
|506|0.0005977472|203.9565 233.3982 185.8231|8.544139 -1.88108 -6.125323 -1.88108 14.32618 10.51546 -6.125323 10.51546 14.39417|
|507|0.001326877|245.6187 118.4487 175.9701|19.55021 -4.722422 -3.165777 -4.722422 12.12612 -4.226918 -3.165777 -4.226918 8.309669|
|508|0.0003955296|283.8932 238.3784 252.5341|16.50034 -13.74382 3.57716 -13.74382 15.05205 0.3990354 3.57716 0.3990354 9.41983|
|509|0.001433494|224.2123 348.7494 300.2282|4.596446 2.27252 -2.629644 2.27252 11.23616 -8.333539 -2.629644 -8.333539 28.53721|
|510|0.0007125047|257.9818 195.8568 158.2376|8.067855 -3.824038 1.243255 -3.824038 8.653231 -2.216873 1.243255 -2.216873 4.654738|
|511|0.0008650122|287.2593 137.3852 189.6257|13.33755 10.59813 2.057265 10.59813 28.70412 7.645892 2.057265 7.645892 4.981182|
|512|0.002055722|225.8701 186.0917 225.9947|21.49022 27.52309 16.08457 27.52309 42.96509 20.06143 16.08457 20.06143 19.05669|
|513|0.001405546|240.0607 308.0855 277.2472|13.44233 8.730192 13.41496 8.730192 12.79048 11.96142 13.41496 11.96142 21.00603|
|514|0.0006677992|214.9802 117.3829 183.1414|3.996856 -1.649865 2.643536 -1.649865 56.7617 -55.67117 2.643536 -55.67117 57.17227|
|515|0.001359549|217.2012 132.3249 174.951|16.61455 -0.699126 7.620922 -0.699126 9.280903 -3.854985 7.620922 -3.854985 14.05297|
|516|0.001219558|213.4969 318.9398 299.4974|11.17295 -5.564511 -3.780402 -5.564511 12.32182 6.190399 -3.780402 6.190399 9.149257|
|517|0.0007218388|264.31 235.8883 244.7007|10.40652 3.392192 3.983874 3.392192 5.693259 0.02829316 3.983874 0.02829316 7.654058|
|518|0.0005941748|286.0529 217.6703 252.0047|4.292425 -2.554275 -6.953638 -2.554275 7.341317 9.517043 -6.953638 9.517043 28.82849|
|519|0.001489189|229.7699 303.791 242.5959|18.69172 -8.426283 5.213916 -8.426283 9.475175 -4.824597 5.213916 -4.824597 10.72015|
|520|0.001494277|228.9269 230.0237 245.9732|5.802686 -7.137558 -2.044535 -7.137558 35.96046 8.658777 -2.044535 8.658777 7.70548|
|521|0.001601625|259.2866 240.3334 222.1643|27.66989 13.92238 -2.594232 13.92238 15.3744 -4.020997 -2.594232 -4.020997 6.870901|
|522|0.002327346|200.0826 211.6189 205.4146|7.797478 7.557744 -1.345243 7.557744 22.83687 -2.894526 -1.345243 -2.894526 8.733988|
|523|0.002035753|268.3668 243.3278 250.499|6.836694 7.498851 2.565333 7.498851 20.24152 2.53901 2.565333 2.53901 36.0498|
|524|0.00204999|223.3706 208.0485 167.0199|29.38696 -7.845133 -4.902501 -7.845133 15.77276 -5.822302 -4.902501 -5.822302 10.35291|
|525|0.0008052484|221.1017 238.7185 252.1491|8.578582 -6.956079 0.5850974 -6.956079 11.12865 0.07051005 0.5850974 0.07051005 6.478655|
|526|0.0006787413|310.7269 171.1661 186.2235|20.23388 15.15497 -2.580104 15.15497 50.32735 4.080914 -2.580104 4.080914 2.336518|
|527|0.0008854934|249.7745 271.5182 202.9509|7.133068 5.594821 15.4769 5.594821 12.76076 13.10546 15.4769 13.10546 49.02149|
|528|0.001456833|217.1822 303.6421 299.6503|12.21974 3.031618 -2.611514 3.031618 10.38764 -0.7261565 -2.611514 -0.7261565 5.699355|
|529|0.001878606|321.3716 170.4353 173.436|44.54705 10.28538 8.222125 10.28538 16.72833 -2.119278 8.222125 -2.119278 8.944802|
|530|0.00194134|249.0537 184.6317 210.0407|2.754157 1.616534 0.4563488 1.616534 40.71458 8.041354 0.4563488 8.041354 9.502301|
|531|0.0004683061|207.6442 217.7501 190.6277|8.969059 1.999072 -1.217643 1.999072 7.451859 -3.720131 -1.217643 -3.720131 4.450536|
|532|0.0001234116|199.8295 286.0675 220.8995|1.346468 0.6949227 0.8773766 0.6949227 6.719152 -0.6286837 0.8773766 -0.6286837 2.68052|
|533|0.001606327|253.2921 282.6035 284.0111|27.21391 -14.52267 -15.63172 -14.52267 16.82375 11.77272 -15.63172 11.77272 18.0169|
|534|0.001358738|194.9801 308.3739 314.1566|9.437085 11.57091 6.799135 11.57091 28.78122 11.36899 6.799135 11.36899 9.785995|
|535|0.00234628|178.8448 278.4528 226.3577|5.705366 6.245552 8.805337 6.245552 22.65175 17.35238 8.805337 17.35238 27.55192|
|536|0.002221955|260.6942 246.5668 264.5677|15.54813 -8.985085 6.991194 -8.985085 24.8597 23.57371 6.991194 23.57371 58.45332|
|537|0.002260632|193.5519 256.633 218.1156|5.038726 6.887411 6.740407 6.887411 26.39952 19.80386 6.740407 19.80386 26.34086|
|538|0.001836096|202.7134 221.4014 206.8584|6.310777 0.1019556 9.171428 0.1019556 17.25773 -1.243004 9.171428 -1.243004 27.7564|
|539|0.002090293|202.7324 135.6015 176.428|25.63905 -8.667473 -15.57159 -8.667473 14.30365 1.81934 -15.57159 1.81934 18.84768|
|540|0.001398858|201.0405 264.7545 238.4198|4.313954 3.689033 4.451581 3.689033 11.69182 6.623577 4.451581 6.623577 12.79326|
|541|0.000975353|180.5492 253.2369 216.6546|1.628178 1.502009 1.863432 1.502009 20.32139 10.45379 1.863432 10.45379 15.64009|
|542|0.001335566|253.7208 256.8469 215.7314|7.424936 -3.536419 6.601575 -3.536419 6.72682 -11.4272 6.601575 -11.4272 47.60823|
|543|0.002309833|226.3031 108.969 203.2591|48.60088 -24.18439 -12.60672 -24.18439 16.99367 6.509613 -12.60672 6.509613 15.42688|
|544|0.001156756|312.2901 189.7149 180.6851|12.13814 12.76958 -3.904081 12.76958 26.3975 -7.558519 -3.904081 -7.558519 13.77037|
|545|0.000762567|221.1923 144.7676 201.4088|7.321623 3.518278 -0.2390385 3.518278 17.03939 9.912093 -0.2390385 9.912093 10.80919|
|546|0.001797353|214.2652 227.5077 234.231|4.046941 -3.050541 0.3060028 -3.050541 29.15123 2.296635 0.3060028 2.296635 6.81083|
|547|0.0007476581|263.6521 143.269 178.184|9.341708 5.730823 -4.10478 5.730823 9.34113 -5.378233 -4.10478 -5.378233 10.60645|
|548|0.001484255|200.7103 253.3915 224.8011|1.510315 -0.1985433 -0.4405412 -0.1985433 22.59697 29.02769 -0.4405412 29.02769 53.36231|
|549|0.0006647788|253.8377 104.6773 190.6613|10.82722 7.978809 -9.725441 7.978809 8.121058 -5.574559 -9.725441 -5.574559 24.6215|
|550|0.001092485|273.819 134.6041 175.2402|52.35453 -1.75668 10.20624 -1.75668 4.792709 -1.507999 10.20624 -1.507999 5.23425|
|551|0.001854678|258.9662 249.1513 227.6789|29.88764 -13.37214 -12.9282 -13.37214 12.83599 3.401357 -12.9282 3.401357 14.5569|
|552|0.002047285|275.3566 185.5578 199.781|7.438291 -3.71364 0.1324333 -3.71364 31.55 -14.93461 0.1324333 -14.93461 15.15855|
|553|0.001032799|204.3881 268.6507 266.4826|38.97994 36.92552 24.7198 36.92552 40.50975 25.21931 24.7198 25.21931 19.9412|
|554|0.001631286|186.9909 244.2857 220.1649|11.07535 -4.543893 9.018389 -4.543893 13.71952 2.126129 9.018389 2.126129 21.31793|
|555|0.0008069825|264.9321 249.5788 186.7511|16.28643 -32.56482 -21.22473 -32.56482 72.5478 45.90216 -21.22473 45.90216 33.18563|
|556|0.002151985|248.7656 117.2646 181.3475|24.83756 13.43282 -10.26078 13.43282 42.67743 -14.98486 -10.26078 -14.98486 12.57341|
|557|0.001818967|255.0622 111.7708 192.6318|15.51175 13.98474 -17.09191 13.98474 20.24013 -19.7778 -17.09191 -19.7778 32.46035|
|558|0.001691216|325.1113 197.4447 174.5001|26.71126 5.563314 2.624355 5.563314 22.05359 6.539105 2.624355 6.539105 9.914399|
|559|0.001093138|237.2789 104.9774 191.379|7.921505 1.03766 -6.92457 1.03766 7.627405 -0.08531436 -6.92457 -0.08531436 23.22414|
|560|0.001342003|222.828 263.1756 260.4944|5.047792 6.357312 0.418582 6.357312 57.30504 13.76097 0.418582 13.76097 6.554039|
|561|0.0006979014|310.1302 195.774 193.3821|16.19584 -12.29205 -12.00934 -12.29205 14.74861 14.53351 -12.00934 14.53351 22.44217|
|562|0.0007638985|222.7903 353.7219 300.7948|4.97378 3.955907 4.305424 3.955907 13.98756 -12.28847 4.305424 -12.28847 42.35591|
|563|0.001421729|258.1316 245.3515 267.1356|19.02457 -9.951469 7.531312 -9.951469 22.94939 26.82952 7.531312 26.82952 65.33263|
|564|0.001426126|195.0648 243.2646 230.4904|5.499453 4.499967 6.616996 4.499967 16.17803 14.54277 6.616996 14.54277 22.3677|
|565|0.002327548|280.6465 198.5177 166.5375|3.492746 -6.752773 -4.590254 -6.752773 58.64826 38.43996 -4.590254 38.43996 40.22059|
|566|0.001541171|187.1027 275.7099 237.0214|5.171243 12.3877 5.640531 12.3877 46.35896 20.14825 5.640531 20.14825 17.59575|
|567|0.001474166|221.9648 364.1796 333.7115|7.260014 4.93614 7.811795 4.93614 17.51621 19.28403 7.811795 19.28403 44.82697|
|568|0.001667978|216.1676 308.5368 291.3031|5.792615 5.822174 4.882134 5.822174 20.47148 11.75496 4.882134 11.75496 16.53744|
|569|0.001370739|244.5795 239.3504 204.5326|8.096863 -11.98587 15.25983 -11.98587 24.34675 -29.39943 15.25983 -29.39943 46.2926|
|570|0.00163795|212.7347 134.2233 205.3857|27.81728 45.03857 -0.6253425 45.03857 81.48515 -3.83034 -0.6253425 -3.83034 9.083033|
|571|0.001367486|197.6591 254.7934 228.5503|1.728874 -0.8735293 -0.6358829 -0.8735293 23.60095 14.0715 -0.6358829 14.0715 29.75192|
|572|0.001968604|188.1327 290.1551 224.655|5.353339 7.474026 3.410784 7.474026 31.4498 20.03636 3.410784 20.03636 22.06603|
|573|0.001662452|182.3816 322.3438 238.0234|10.85681 -0.05070892 -7.666008 -0.05070892 11.06648 -8.55827 -7.666008 -8.55827 22.22166|
|574|0.0005996369|185.7107 310.4934 236.3986|2.312649 0.2481969 -0.9427828 0.2481969 9.712837 -16.61942 -0.9427828 -16.61942 45.14215|
|575|0.001680367|220.9202 225.1307 165.737|13.51745 -3.982095 -2.291505 -3.982095 42.70125 8.605936 -2.291505 8.605936 5.572335|
|576|0.001346273|190.2218 325.3947 271.2268|3.845562 1.348425 2.811905 1.348425 7.044637 1.679824 2.811905 1.679824 16.32814|
|577|0.001591779|189.256 151.3171 193.5052|20.86322 -11.21566 -18.89627 -11.21566 14.63172 8.934639 -18.89627 8.934639 27.17067|
|578|0.0005075939|269.3879 258.171 284.5284|9.227402 1.484817 -4.283983 1.484817 13.11643 -3.015908 -4.283983 -3.015908 4.761307|
|579|0.001499247|271.1998 137.2558 187.5183|51.61914 16.07515 5.307247 16.07515 13.69769 -0.7145124 5.307247 -0.7145124 6.285175|
|580|0.001016036|246.8034 215.7576 266.7017|11.53559 3.383061 3.307072 3.383061 8.448246 -6.545252 3.307072 -6.545252 21.03407|
|581|0.0009251639|300.1343 170.4192 175.4295|21.91634 25.10691 -1.423435 25.10691 42.78558 -0.01818565 -1.423435 -0.01818565 3.881264|
|582|0.0003287394|322.6136 209.5154 203.6295|7.113966 -0.7974394 1.472408 -0.7974394 4.642515 -0.2202731 1.472408 -0.2202731 3.121164|
|583|0.001652398|211.0047 293.5807 278.1935|7.281889 14.02987 8.932938 14.02987 57.60915 32.35128 8.932938 32.35128 21.55928|
|584|0.001310525|232.3546 216.5814 171.0152|34.0339 -2.169168 -12.3133 -2.169168 3.876999 0.1235644 -12.3133 0.1235644 12.16188|
|585|0.001561782|264.8054 180.4053 198.2105|6.283153 -1.636721 -1.350556 -1.636721 18.80305 -4.44103 -1.350556 -4.44103 14.40918|
|586|0.001882964|268.3397 185.7625 207.078|10.9434 6.043259 7.057657 6.043259 18.64226 -4.065541 7.057657 -4.065541 22.5365|
|587|0.001007237|223.5387 338.7519 302.0613|6.033245 1.549098 1.371839 1.549098 9.737612 4.604342 1.371839 4.604342 13.13998|
|588|0.00142477|321.2237 182.3326 182.5759|36.74656 10.30002 0.180435 10.30002 52.91438 0.9752263 0.180435 0.9752263 3.061914|
|589|0.001734102|259.6338 256.5238 283.3782|13.67273 -10.80263 0.4997479 -10.80263 31.7192 7.202724 0.4997479 7.202724 11.55963|
|590|0.001008384|199.1081 317.3027 310.9926|8.536231 -0.2193637 7.893581 -0.2193637 5.120388 -3.044404 7.893581 -3.044404 29.05593|
|591|0.001174647|276.6936 128.717 182.4715|22.72472 -1.559305 5.887251 -1.559305 6.281452 -3.909082 5.887251 -3.909082 10.59727|
|592|0.001357746|327.6038 210.4051 192.1714|25.09563 -3.529941 -8.57288 -3.529941 5.482927 0.4750438 -8.57288 0.4750438 21.57756|
|593|0.001464462|277.7094 215.8879 181.4544|12.10972 -25.40133 -4.166135 -25.40133 74.43198 0.7547315 -4.166135 0.7547315 10.85335|
|594|0.001131081|224.6921 228.4394 239.4486|2.672371 1.666232 0.3462239 1.666232 24.8652 1.080156 0.3462239 1.080156 7.726249|
|595|0.0007251027|229.6771 235.2114 176.0693|4.806314 1.234061 -2.077377 1.234061 10.18334 -2.689213 -2.077377 -2.689213 6.144671|
|596|0.0009730886|232.7693 190.8644 213.6406|21.75533 -23.68721 -11.82186 -23.68721 32.07267 12.62772 -11.82186 12.62772 11.43106|
|597|0.001670895|181.3286 305.8369 242.7878|3.306822 4.348804 1.617193 4.348804 29.15371 15.05675 1.617193 15.05675 17.31115|
|598|0.0009941573|251.8769 215.5338 222.2756|10.15875 -9.184136 -1.446307 -9.184136 14.4551 0.6953951 -1.446307 0.6953951 7.759726|
|599|0.0007886955|220.8258 302.5629 290.1868|7.231788 -0.752839 -4.833302 -0.752839 5.111726 -0.07050148 -4.833302 -0.07050148 9.339468|
|600|0.001746535|259.0522 258.6566 275.5849|34.18593 -2.514944 0.6001284 -2.514944 18.90372 10.11026 0.6001284 10.11026 15.10836|
|601|0.001333922|326.5013 197.9083 190.1178|18.86703 -9.162742 -7.907939 -9.162742 41.49828 28.7695 -7.907939 28.7695 25.46452|
|602|0.001720605|211.494 207.2249 211.9159|3.166655 -9.612588 -0.636028 -9.612588 78.33144 5.772011 -0.636028 5.772011 7.217201|
|603|0.002252101|229.0367 181.1757 210.4528|5.531213 -8.792226 2.998103 -8.792226 42.5299 -16.4346 2.998103 -16.4346 12.68555|
|604|0.002209064|273.6525 189.7915 192.1084|9.325694 10.23477 -4.340525 10.23477 49.79451 -21.96276 -4.340525 -21.96276 16.39691|
|605|0.001804316|245.6308 296.5379 261.2967|7.540617 6.350426 5.770378 6.350426 17.1253 10.92741 5.770378 10.92741 15.5983|
|606|0.0007049334|226.065 366.9856 311.5063|7.071076 6.165058 17.41328 6.165058 15.36479 32.85277 17.41328 32.85277 82.14359|
|607|0.0009428369|323.6443 187.0221 169.3997|20.68071 -10.64029 2.601723 -10.64029 27.82135 -1.95681 2.601723 -1.95681 3.133542|
|608|0.00167999|219.5456 299.2992 244.4999|3.320425 -1.499057 -1.887694 -1.499057 15.20592 17.43012 -1.887694 17.43012 29.6239|
|609|0.002344423|256.8134 185.4174 164.3996|31.23795 -19.99529 -28.69156 -19.99529 20.87465 18.05414 -28.69156 18.05414 35.86871|
|610|0.001730866|265.3502 255.8106 261.0968|11.16198 -11.68882 -15.99844 -11.68882 28.7768 19.03866 -15.99844 19.03866 46.44165|
|611|0.002174609|198.9866 311.4233 294.9036|7.651763 2.205494 10.00235 2.205494 17.20483 19.6985 10.00235 19.6985 41.80045|
|612|0.002242266|208.3224 295.0353 294.0977|22.65197 4.166862 8.324334 4.166862 9.91329 4.711376 8.324334 4.711376 10.25065|
|613|0.001319046|241.1639 210.052 223.9526|4.650677 -1.125074 1.107153 -1.125074 8.069879 -1.713395 1.107153 -1.713395 12.33909|
|614|0.001480973|246.7725 192.8031 209.4688|4.226451 11.46104 -2.706556 11.46104 50.33359 -7.787703 -2.706556 -7.787703 17.40937|
|615|0.0009386712|221.99 98.45787 200.9278|19.49928 -7.991897 0.9000433 -7.991897 8.783031 -4.224464 0.9000433 -4.224464 7.83351|
|616|0.001628455|202.9346 226.9823 194.0151|11.98352 -9.206687 -2.748949 -9.206687 14.68432 4.222951 -2.748949 4.222951 16.63814|
|617|0.002316592|246.7568 104.3647 190.5907|34.16343 15.4534 -23.73476 15.4534 13.36365 -11.10124 -23.73476 -11.10124 28.60034|
|618|0.001879924|219.0501 121.7034 200.0314|7.501277 4.693881 -3.969084 4.693881 27.76762 -2.95299 -3.969084 -2.95299 14.85605|
|619|0.001132163|216.9011 134.7676 198.263|10.89346 8.384644 2.270669 8.384644 15.24768 10.72973 2.270669 10.72973 22.10947|
|620|0.001869611|267.614 125.5332 187.0337|142.5043 105.2414 0.8230109 105.2414 83.5173 2.490713 0.8230109 2.490713 5.684394|
|621|0.001291462|192.7515 315.153 246.2632|8.705312 -10.79627 -5.025763 -10.79627 20.45744 8.33543 -5.025763 8.33543 9.29331|
|622|0.002274801|218.8778 234.0957 173.7581|20.28406 -4.360918 1.973213 -4.360918 7.691763 -1.970708 1.973213 -1.970708 21.08084|
|623|0.0007263558|220.4512 101.8687 214.097|11.53063 -3.140343 -2.702843 -3.140343 4.643453 1.091525 -2.702843 1.091525 8.420277|
|624|0.0005017543|279.2266 232.6206 220.8657|8.727664 -4.64128 2.202638 -4.64128 4.891973 1.093501 2.202638 1.093501 9.700994|
|625|0.000366014|201.9042 320.7894 265.8857|14.14928 7.053802 -19.10599 7.053802 6.64115 -11.02053 -19.10599 -11.02053 29.84272|
|626|0.001179885|233.5639 323.2277 280.7455|2.480009 1.526829 0.02925112 1.526829 35.39725 8.135297 0.02925112 8.135297 9.235002|
|627|0.001102364|278.7235 208.9813 223.0004|7.053321 3.031762 5.459268 3.031762 8.023253 2.255127 5.459268 2.255127 14.75537|
|628|0.001885891|196.6691 255.6527 198.409|5.56371 0.5494599 -0.5364228 0.5494599 33.81724 0.7319552 -0.5364228 0.7319552 6.644444|
|629|0.0009821568|201.5829 127.9413 178.1782|16.14126 -2.405321 -12.13158 -2.405321 22.36693 -14.24221 -12.13158 -14.24221 23.63767|
|630|0.002147694|213.4045 228.3725 171.8256|86.40238 -65.37319 -28.16663 -65.37319 60.7478 22.64327 -28.16663 22.64327 12.57417|
|631|0.001083303|318.4463 201.8237 198.8813|28.76401 2.240497 -1.924274 2.240497 12.18915 3.603822 -1.924274 3.603822 6.060523|
|632|0.0008114075|211.8605 263.2055 259.9441|3.224692 2.093621 -1.257264 2.093621 7.311423 -1.781879 -1.257264 -1.781879 10.53031|
|633|0.002317826|296.8013 160.0306 187.4046|81.36363 67.60084 -19.84075 67.60084 80.04018 -16.28295 -19.84075 -16.28295 8.663652|
|634|0.001980568|210.3581 261.5935 234.0733|3.862878 7.840133 -2.808828 7.840133 50.56571 -19.88353 -2.808828 -19.88353 14.10756|
|635|0.001830438|189.9094 271.1519 218.5236|2.491738 2.285848 -0.4236487 2.285848 24.22789 22.18534 -0.4236487 22.18534 37.48965|
|636|0.0007330056|209.5773 104.3613 208.8773|26.63087 -16.48121 13.22145 -16.48121 12.3948 -6.655397 13.22145 -6.655397 15.34138|
|637|0.001598296|220.4036 373.1047 331.7956|14.56217 8.136361 3.370676 8.136361 13.5019 6.248854 3.370676 6.248854 19.58231|
|638|0.0015069|265.3585 227.7765 174.7971|48.63078 -88.4546 -36.12943 -88.4546 182.9968 71.35367 -36.12943 71.35367 30.90393|
|639|0.0006793144|273.1374 255.226 264.2931|2.477442 -2.610069 2.251907 -2.610069 7.47616 -6.453705 2.251907 -6.453705 42.01127|
|640|0.001910139|274.7253 225.5706 240.7598|17.9735 -45.83207 -45.30849 -45.83207 141.6633 136.8649 -45.30849 136.8649 149.3729|
|641|0.001410825|216.1167 270.1994 264.9251|9.977691 9.88166 5.557651 9.88166 21.00027 8.165599 5.557651 8.165599 8.298824|
|642|0.00165786|211.8555 116.0483 187.9111|7.921362 -6.20472 8.665163 -6.20472 42.32421 -43.45443 8.665163 -43.45443 53.04333|
|643|0.0005442773|251.77 196.0426 160.4477|9.329123 -10.13898 -0.6530619 -10.13898 32.17801 -3.425221 -0.6530619 -3.425221 2.594887|
|644|0.0006736828|278.6783 219.9462 254.7552|15.35738 -6.714594 1.765714 -6.714594 8.527387 2.232864 1.765714 2.232864 6.327431|
|645|0.001766418|262.1836 252.4211 216.0744|23.17027 -10.87557 6.789619 -10.87557 11.46234 -2.030221 6.789619 -2.030221 7.974818|
|646|0.001220053|261.0208 241.3783 195.3276|26.07801 -38.60935 -12.9769 -38.60935 70.4817 18.28896 -12.9769 18.28896 9.022224|
|647|0.002216821|331.2143 191.9339 178.7506|10.13491 11.99385 3.789874 11.99385 55.25351 13.45343 3.789874 13.45343 18.19907|
|648|0.001946381|285.5357 213.8014 223.6314|3.952086 -0.3849321 -1.856333 -0.3849321 30.9407 20.83648 -1.856333 20.83648 43.71877|
|649|0.001055288|242.401 113.998 199.1586|45.79626 40.29754 -26.45881 40.29754 40.34163 -22.37765 -26.45881 -22.37765 25.33457|
|650|0.0006803578|234.9738 120.335 201.7473|8.564598 -1.801832 -4.776383 -1.801832 6.750627 -2.855365 -4.776383 -2.855365 10.84959|
|651|0.001175637|246.8531 284.6929 228.2556|5.233716 -13.51847 -12.72508 -13.51847 52.78869 45.89221 -12.72508 45.89221 50.93602|
|652|0.001095029|263.182 272.5774 277.1458|4.994184 -3.579918 -2.032573 -3.579918 18.13035 27.47116 -2.032573 27.47116 61.77957|
|653|0.001318163|276.3109 232.5001 225.8511|4.300243 -1.675422 1.55347 -1.675422 6.35943 4.030936 1.55347 4.030936 23.28421|
|654|0.001325481|217.1674 339.4826 287.3273|4.999681 1.443881 1.266125 1.443881 7.806926 2.506922 1.266125 2.506922 11.61159|
|655|0.0023586|203.3111 253.2176 189.2421|5.65903 -2.235853 0.4985975 -2.235853 71.16396 11.83042 0.4985975 11.83042 8.697698|
|656|0.001080916|204.8419 119.5116 185.5214|11.98634 -6.558634 -0.04177804 -6.558634 12.40647 -6.045523 -0.04177804 -6.045523 12.37279|
|657|0.00196873|317.6178 196.2357 187.6397|25.24509 -8.857618 -18.71888 -8.857618 16.36798 15.84024 -18.71888 15.84024 37.82276|
|658|0.001809126|232.8177 321.0992 269.2953|8.292215 7.501755 4.660547 7.501755 15.60671 3.316664 4.660547 3.316664 11.8414|
|659|0.001705382|211.2323 224.607 178.6693|55.08178 -28.54106 -14.06086 -28.54106 19.52323 3.89511 -14.06086 3.89511 15.90139|
|660|0.001749106|187.6375 314.0776 235.8419|21.94426 -11.09594 -13.09881 -11.09594 9.931178 5.381545 -13.09881 5.381545 18.19194|
|661|0.001801181|240.5009 164.8941 209.6139|18.39243 33.85673 -4.810698 33.85673 80.861 -19.46432 -4.810698 -19.46432 15.01138|
|662|0.00145874|228.7921 354.4849 305.5953|5.726747 3.202659 1.332632 3.202659 12.23406 -4.285717 1.332632 -4.285717 25.96786|
|663|0.001391833|239.4927 129.2538 203.4086|5.345616 -2.236909 -15.98842 -2.236909 9.525368 9.645695 -15.98842 9.645695 75.30476|
|664|0.002245047|267.5099 249.6466 270.4312|15.70838 -6.226355 -9.946453 -6.226355 19.1995 19.11221 -9.946453 19.11221 48.70863|
|665|0.001638249|263.4392 267.6212 278.3208|24.89151 -32.64518 -27.60948 -32.64518 55.16395 49.49751 -27.60948 49.49751 58.24541|
|666|0.001140124|262.6588 241.8035 228.3209|13.16653 16.75357 4.636884 16.75357 31.72588 7.750512 4.636884 7.750512 7.787858|
|667|0.001645221|303.7117 163.19 175.4695|42.35745 13.57493 -22.57244 13.57493 10.04604 -9.315399 -22.57244 -9.315399 22.13437|
|668|0.002011925|224.5066 302.583 231.9714|7.053931 2.449738 7.83445 2.449738 10.42841 9.471623 7.83445 9.471623 23.68314|
|669|0.0008698898|182.2415 282.7985 213.9616|4.352634 -2.565104 -1.608705 -2.565104 21.02598 6.438859 -1.608705 6.438859 5.129319|
|670|0.001264329|275.2734 231.6589 235.3517|4.106334 0.6762459 0.4345875 0.6762459 6.992167 2.752846 0.4345875 2.752846 30.64601|
|671|0.002102082|202.3836 331.0108 266.162|6.927433 -0.5096001 -7.377927 -0.5096001 4.628705 -1.327056 -7.377927 -1.327056 31.32087|
|672|0.0009339781|198.4166 316.668 263.8541|2.109533 -1.393853 -7.287789 -1.393853 4.568294 0.4179685 -7.287789 0.4179685 74.64778|
|673|0.001989679|278.8195 222.9099 249.8752|22.6666 -7.527421 -3.570397 -7.527421 14.76473 10.84465 -3.570397 10.84465 17.89323|
|674|0.00163516|242.4507 114.7918 202.9189|14.32031 -8.17732 -10.73529 -8.17732 20.71216 4.833982 -10.73529 4.833982 16.4639|
|675|0.001791142|193.1313 277.1393 224.7777|2.797804 4.415802 1.159461 4.415802 63.70782 66.16431 1.159461 66.16431 82.93636|
|676|0.001306976|195.9908 301.7819 229.544|10.70124 -5.780425 4.791502 -5.780425 8.091139 -6.241113 4.791502 -6.241113 15.37529|
|677|0.001492018|279.5652 195.4641 205.2361|19.58137 4.290459 12.67013 4.290459 9.095343 -7.082615 12.67013 -7.082615 28.43215|
|678|0.001306354|221.9323 230.2745 228.5318|20.92315 -20.64613 2.862264 -20.64613 24.69867 -4.442471 2.862264 -4.442471 8.897842|
|679|0.001956736|231.4476 143.4641 209.206|21.18432 36.09087 6.492452 36.09087 69.40291 14.26719 6.492452 14.26719 16.25817|
|680|0.001784249|319.8055 186.1664 176.0773|31.16038 10.25982 -4.420226 10.25982 23.22984 1.085507 -4.420226 1.085507 13.90881|
|681|0.001463557|269.0778 225.2018 183.541|24.0678 -48.79757 -1.044914 -48.79757 109.0902 -2.165447 -1.044914 -2.165447 9.468658|
|682|0.001476468|192.9404 307.7599 233.5147|13.3329 -5.345087 -3.290003 -5.345087 6.415687 3.583133 -3.290003 3.583133 14.96518|
|683|0.001406734|243.8782 222.8914 229.594|36.40709 -37.89965 -15.14017 -37.89965 47.06606 17.78825 -15.14017 17.78825 9.964917|
|684|0.00215817|243.6121 129.0444 202.7467|6.657337 -5.032272 -11.71815 -5.032272 11.74549 6.709628 -11.71815 6.709628 59.55252|
|685|0.0006062529|185.5974 280.9347 216.8254|4.671103 1.691514 -1.498619 1.691514 6.590909 0.6998439 -1.498619 0.6998439 7.008487|
|686|0.002046229|282.0062 216.8694 236.7208|7.880137 -15.28491 -16.02607 -15.28491 75.62075 76.89455 -16.02607 76.89455 89.33721|
|687|0.00150721|219.8218 323.1268 262.3762|7.510916 -0.04229606 -6.706378 -0.04229606 4.716271 -6.130362 -6.706378 -6.130362 24.60892|
|688|0.002003763|200.775 317.386 265.8561|2.49951 -1.128301 -4.313926 -1.128301 5.446321 0.8427466 -4.313926 0.8427466 84.26556|
|689|0.001152459|274.3439 195.8339 174.4012|7.250275 -1.8613 2.845952 -1.8613 31.59742 -21.41657 2.845952 -21.41657 18.77542|
|690|0.001272911|256.3542 286.3134 227.8546|6.051892 0.591665 -2.10435 0.591665 4.165049 6.731051 -2.10435 6.731051 46.52012|
|691|0.002067956|233.4438 219.2278 226.1804|26.87643 -10.58965 -24.55271 -10.58965 10.72975 4.084089 -24.55271 4.084089 37.54271|
|692|0.001675695|220.0468 344.9764 294.2158|3.71316 1.221215 0.7040716 1.221215 21.67965 -4.006961 0.7040716 -4.006961 16.75162|
|693|0.001152125|245.9167 103.0643 201.9501|9.311946 1.032001 -5.276426 1.032001 4.968133 4.274317 -5.276426 4.274317 28.46331|
|694|0.002017129|243.1548 118.6719 192.9303|9.070152 7.223141 -9.343068 7.223141 49.36454 -0.2440509 -9.343068 -0.2440509 23.69134|
|695|0.0005000694|215.2479 318.1965 272.7087|4.347484 -0.7621059 -3.878698 -0.7621059 2.776984 1.382819 -3.878698 1.382819 10.00959|
|696|0.00204447|234.6359 247.3553 238.2271|3.73835 -5.625521 2.446678 -5.625521 32.12664 -13.74603 2.446678 -13.74603 12.00862|
|697|0.000966623|230.7388 100.3557 199.5449|34.87491 -0.9238341 -26.87841 -0.9238341 5.024399 -0.9421339 -26.87841 -0.9421339 28.13364|
|698|0.002183909|216.0577 277.9984 255.2885|3.570529 3.860824 1.998009 3.860824 13.41264 -2.217531 1.998009 -2.217531 40.86716|
|699|0.000908114|215.4471 314.9276 290.4405|30.12888 23.34848 -30.94655 23.34848 23.28339 -25.78621 -30.94655 -25.78621 38.39365|
|700|0.0007128058|208.4762 258.0329 235.674|2.493704 -0.8322739 5.434249 -0.8322739 6.531734 -10.1548 5.434249 -10.1548 39.93774|
|701|0.001258829|209.1431 126.4007 190.1253|11.25454 12.71726 -15.99912 12.71726 28.78142 -29.65008 -15.99912 -29.65008 45.71397|
|702|0.001670967|262.4584 239.6302 189.8165|16.60546 -47.2094 -12.70072 -47.2094 177.2416 43.6276 -12.70072 43.6276 14.38299|
|703|0.001311569|279.0246 227.3043 258.756|20.65144 -8.161218 -4.75 -8.161218 9.934557 0.8854589 -4.75 0.8854589 8.653458|
|704|0.001396557|273.0723 215.3706 173.1996|8.972708 -7.67924 -2.212959 -7.67924 42.69424 16.9359 -2.212959 16.9359 12.35556|
|705|0.001743329|228.8805 147.1021 202.9087|42.06745 64.27584 28.1905 64.27584 104.4155 43.38723 28.1905 43.38723 24.34241|
|706|0.002077416|213.8055 310.9785 279.4081|4.239387 3.138338 5.587354 3.138338 14.57043 15.67531 5.587354 15.67531 30.62859|
|707|0.002252928|202.4636 136.7355 190.6976|26.72433 -30.89071 -12.502 -30.89071 47.59364 13.05121 -12.502 13.05121 12.23561|
|708|0.001098451|199.6008 269.73 259.672|13.77417 17.27653 3.896389 17.27653 31.73689 3.821792 3.896389 3.821792 6.097246|
|709|0.001436084|249.7471 196.9487 163.5963|46.92756 -16.0676 -3.661372 -16.0676 19.29509 -2.671568 -3.661372 -2.671568 4.054122|
|710|0.0004113285|218.1832 293.731 236.2644|7.513419 -15.22743 -0.01278519 -15.22743 38.72928 0.2206499 -0.01278519 0.2206499 5.018795|
|711|0.001258394|233.8722 342.1477 303.9311|5.334989 5.877301 5.259494 5.877301 19.97822 17.24941 5.259494 17.24941 22.92759|
|712|0.001456182|187.1004 251.5497 227.2255|2.193056 1.494998 1.310207 1.494998 41.25537 24.30368 1.310207 24.30368 21.83372|
|713|0.002130291|252.5719 253.7135 184.6911|12.67432 -18.13399 -5.179106 -18.13399 71.51665 26.45474 -5.179106 26.45474 15.45499|
|714|0.001595065|269.1699 231.291 186.3438|12.62059 -25.00261 -7.678604 -25.00261 64.67404 11.60645 -7.678604 11.60645 13.72686|
|715|0.001022135|312.8462 207.0871 195.5063|16.42784 8.37201 -0.4285552 8.37201 11.03994 1.495553 -0.4285552 1.495553 13.10812|
|716|0.00122311|246.2673 204.3784 223.2263|6.509953 -1.520598 -1.274329 -1.520598 7.975622 0.2239155 -1.274329 0.2239155 10.48495|
|717|0.002304635|269.2023 198.9288 182.9523|10.66477 -20.84547 6.314465 -20.84547 64.08965 -23.88167 6.314465 -23.88167 17.78845|
|718|0.001323746|224.0264 187.5335 247.8661|7.983315 11.5373 7.591672 11.5373 51.58375 27.0976 7.591672 27.0976 21.20179|
|719|0.002062982|230.521 295.7802 235.4404|4.015061 -0.1017478 0.6983194 -0.1017478 11.59097 15.74696 0.6983194 15.74696 41.68692|
|720|0.001150298|207.065 277.7087 268.6533|9.527688 14.92311 6.903431 14.92311 37.39182 11.74238 6.903431 11.74238 14.37657|
|721|0.001212657|213.9777 314.2418 264.7065|3.327403 -0.1756312 1.970078 -0.1756312 3.616312 -0.2068356 1.970078 -0.2068356 25.78984|
|722|0.001585352|323.1857 177.2098 177.9999|38.86077 -3.875632 -3.000131 -3.875632 23.4316 -1.221683 -3.000131 -1.221683 7.586984|
|723|0.00236432|175.0365 328.1378 245.5846|8.364345 -8.7027 -3.7078 -8.7027 26.23331 4.966118 -3.7078 4.966118 13.58383|
|724|0.002174282|211.3261 125.8175 200.1731|17.84235 13.94923 2.448079 13.94923 19.92991 2.113717 2.448079 2.113717 25.1674|
|725|0.0009907738|233.32 99.02311 205.7413|11.41771 6.080291 -4.750691 6.080291 11.10037 -3.389667 -4.750691 -3.389667 11.99289|
|726|0.001079458|254.9699 268.0531 217.8845|15.82118 18.69715 14.00227 18.69715 32.22613 18.78671 14.00227 18.78671 17.79842|
|727|0.002186876|255.8327 280.7016 219.1517|6.917529 3.110922 9.261398 3.110922 7.643238 7.689529 9.261398 7.689529 51.89939|
|728|0.002037|223.9436 269.9789 258.6528|12.83511 39.53736 11.63468 39.53736 152.9564 46.76908 11.63468 46.76908 18.17807|
|729|0.00163276|233.2019 302.4286 268.1077|18.01565 18.29356 13.50448 18.29356 25.05573 16.34014 13.50448 16.34014 16.86908|
|730|0.000842444|252.0897 234.529 213.9543|13.5309 -12.08765 26.67425 -12.08765 16.34657 -26.98527 26.67425 -26.98527 62.51041|
|731|0.002256068|277.6716 192.6442 213.9916|14.82815 24.81644 8.836887 24.81644 65.64124 10.00741 8.836887 10.00741 16.58007|
|732|0.0007382897|276.7028 239.7436 252.9909|21.19588 -24.44046 -22.91119 -24.44046 36.78228 28.70313 -22.91119 28.70313 30.18787|
|733|0.0009169002|186.1767 292.4202 222.3799|7.249614 -3.645582 -4.146185 -3.645582 32.91179 25.25854 -4.146185 25.25854 22.58227|
|734|0.001759697|230.7402 198.8478 209.2762|11.18669 -12.07189 3.791159 -12.07189 22.27416 -4.507664 3.791159 -4.507664 6.74627|
|735|0.001160424|284.6466 144.2538 185.78|22.36148 18.74327 -1.43189 18.74327 30.04541 5.65573 -1.43189 5.65573 13.04241|
|736|0.001273111|275.6052 233.4722 246.2911|4.01961 -0.746705 -0.8351225 -0.746705 5.724857 -1.506468 -0.8351225 -1.506468 39.42959|
|737|0.001553277|228.0736 211.391 169.9033|29.1143 -21.11004 -12.79819 -21.11004 25.44003 2.56535 -12.79819 2.56535 22.43664|
|738|0.001540134|210.9867 132.7103 181.6483|17.47665 -15.05724 -0.3717614 -15.05724 32.76251 -1.093145 -0.3717614 -1.093145 7.13008|
|739|0.00232163|206.478 114.5243 196.0073|17.34494 -8.172882 -0.04946534 -8.172882 17.28891 -12.08838 -0.04946534 -12.08838 21.16391|
|740|0.001986351|268.433 174.8072 207.4394|10.04183 -1.897217 1.696687 -1.897217 8.905811 3.111785 1.696687 3.111785 21.05307|
|741|0.001625724|272.0523 251.1562 262.0164|33.16426 -45.80141 -34.1524 -45.80141 69.37181 47.39567 -34.1524 47.39567 54.89354|
|742|0.001095|227.5047 228.0258 228.7474|23.92488 -24.44094 1.838064 -24.44094 27.61017 -3.847592 1.838064 -3.847592 10.18771|
|743|0.00133915|220.8101 203.31 202.5248|11.29459 -8.166246 2.719966 -8.166246 18.03494 -4.026184 2.719966 -4.026184 5.39418|
|744|0.0006070812|176.7627 265.3211 235.0557|3.987532 5.697174 0.7408214 5.697174 18.04051 0.2854436 0.7408214 0.2854436 5.966722|
|745|0.001418818|185.8376 263.3892 224.7155|4.647583 16.12436 11.74363 16.12436 74.16707 51.78592 11.74363 51.78592 45.05986|
|746|0.001413438|256.0965 275.6988 229.6969|7.258274 2.90665 -4.607209 2.90665 20.34764 8.752964 -4.607209 8.752964 20.77072|
|747|0.0008924107|248.0946 201.6264 178.4329|28.32936 -15.01231 -0.3930449 -15.01231 16.93841 -5.77439 -0.3930449 -5.77439 6.628455|
|748|0.001317731|257.8118 136.2091 184.8831|54.99665 15.29325 8.508729 15.29325 8.898569 1.518121 8.508729 1.518121 7.621161|
|749|0.001218703|285.4511 227.3734 244.3078|4.603206 0.2948576 5.541411 0.2948576 13.91049 5.211469 5.541411 5.211469 36.81101|
