#|num|weight|mean|covariance matrix|
|0|0.033009152719|364.057482668579 381.058460128762 337.570025383265|182.978052418883 25.965487493697 42.288037651830 25.965487493697 205.006751381123 -57.121198358625 42.288037651830 -57.121198358625 98.157907769768|
|1|0.000502636506|373.234187945279 362.936849875423 386.929075977407|119.001328014390 14.719756342703 -130.116711580835 14.719756342703 49.022065116791 -33.095702370425 -130.116711580835 -33.095702370425 315.110281449801|
|2|0.000024698420|348.635815854645 373.714568843485 306.492752698679|65.033237095369 19.087485628566 -65.606613625889 19.087485628566 203.627739308518 31.012274441964 -65.606613625889 31.012274441964 385.178111909641|
|3|0.038319937604|368.453500994434 345.556086985557 238.671131475777|110.575454153528 -33.941918007797 -97.350915605144 -33.941918007797 94.434010710029 76.320391575573 -97.350915605144 76.320391575573 319.107681908165|
|4|0.025207593431|362.465691747757 330.750376322467 356.134357106374|97.444896513305 -38.449637823433 -54.945641018028 -38.449637823433 96.944290649568 38.718833224135 -54.945641018028 38.718833224135 265.603177063487|
|5|0.000884182140|349.218108277586 384.846781824803 308.944696302748|66.267917125675 26.055066218280 -73.753359988623 26.055066218280 109.716398839781 -10.621162074691 -73.753359988623 -10.621162074691 340.685164772440|
|6|0.014160015948|391.619501264184 358.332633874677 280.550660308355|65.593960600760 -2.549900019774 -9.153253491037 -2.549900019774 81.223040541634 24.494891729875 -9.153253491037 24.494891729875 196.926958218319|
|7|0.027141300094|372.466845023150 410.015002566106 328.461328180056|65.051529973513 -11.539265726577 24.660074282001 -11.539265726577 81.203963179578 15.669960743107 24.660074282001 15.669960743107 399.068601744249|
|8|0.001372022281|344.890297399343 348.355595951335 383.077856789041|37.556234410964 4.035119669512 9.048157207464 4.035119669512 118.971657848844 -64.891782638704 9.048157207464 -64.891782638704 147.258857192384|
|9|0.005108050122|373.319398223746 352.576332531417 297.134446230295|200.150711113645 11.336236359290 -47.151793640835 11.336236359290 97.547088635649 27.343197180322 -47.151793640835 27.343197180322 83.109425447939|
|10|0.005699098716|343.078661090068 409.466214202856 383.778477218144|28.312765614814 4.740490974451 -6.868324702373 4.740490974451 31.344445916504 -4.134557395271 -6.868324702373 -4.134557395271 68.565186983702|
|11|0.008463513421|381.762438581789 370.789094486475 377.245876722194|68.806458310282 12.784369861271 -37.403410158673 12.784369861271 78.889201078011 5.225924696919 -37.403410158673 5.225924696919 74.285297428432|
|12|0.007061080089|374.899333120303 352.591091253384 252.819489272019|169.864327082614 25.805325404333 93.953902198991 25.805325404333 63.772481214313 27.094860606172 93.953902198991 27.094860606172 135.549107838568|
|13|0.003896015212|386.619760046725 401.831960584721 342.417640385713|41.096433701954 -14.378185521869 -22.898692982330 -14.378185521869 72.534255841369 20.631400000188 -22.898692982330 20.631400000188 81.416701729322|
|14|0.005138227456|371.276265157451 337.889525574497 234.003586957538|142.081246352638 -42.892100486890 -23.449852463396 -42.892100486890 48.312772686520 7.610836708365 -23.449852463396 7.610836708365 52.541580507503|
|15|0.003678473363|345.198299913244 338.757232475094 402.511434318630|41.253329540341 -6.809364690067 -10.768187436945 -6.809364690067 79.364940534768 15.833963720885 -10.768187436945 15.833963720885 217.688656471757|
|16|0.043505594864|383.283176213698 365.340916397504 330.068231188745|73.904967984126 14.061825541721 -31.937486601120 14.061825541721 69.445635702228 27.127508675956 -31.937486601120 27.127508675956 560.994329484005|
|17|0.009911059180|344.277159624217 361.995615294111 370.957317203710|53.654513444009 -0.973556289886 24.968738804586 -0.973556289886 82.855702116693 5.152016711916 24.968738804586 5.152016711916 73.300434615987|
|18|0.004940118498|352.117242546196 364.487621018900 377.851440735977|126.068956315110 -5.990566156601 93.554931890918 -5.990566156601 45.687791012228 -9.436672449927 93.554931890918 -9.436672449927 129.871265500347|
|19|0.014510181162|385.999336254848 367.607288467155 362.533846590408|56.912271228503 -0.647093675710 -8.036965207750 -0.647093675710 65.515815718885 -4.739780237229 -8.036965207750 -4.739780237229 139.974811835709|
|20|0.004554799856|390.688886241977 376.347761520418 320.576573327457|39.654892158083 -6.283809868648 2.524129183817 -6.283809868648 76.358196485875 35.732803838415 2.524129183817 35.732803838415 78.124365324416|
|21|0.005154593221|376.548160620491 388.825489544305 414.838011411799|39.404329601501 -13.405703128345 14.840233125316 -13.405703128345 81.239825400466 -43.314725778502 14.840233125316 -43.314725778502 86.249579925643|
|22|0.011625012922|361.499373209798 360.587018484374 410.343074611183|114.742791648707 65.682214477623 33.353837980656 65.682214477623 93.398138374600 22.782733845845 33.353837980656 22.782733845845 206.086585283105|
|23|0.013275835342|360.978012358843 333.301176925461 356.641211189723|97.113672352221 -41.048404235989 -24.844721713642 -41.048404235989 107.951577134751 31.763366567844 -24.844721713642 31.763366567844 173.742193731930|
|24|0.003198059145|374.743342320778 320.541196531305 302.808993405766|27.334370246826 0.294297774162 -3.432920911233 0.294297774162 59.011109879866 -39.205345807335 -3.432920911233 -39.205345807335 103.964591533106|
|25|0.018816763735|373.255794214761 371.459049417247 501.448419089170|113.267006775946 13.035275002185 40.492150827427 13.035275002185 42.637722964486 0.542110404407 40.492150827427 0.542110404407 62.406663811445|
|26|0.007119498550|344.721176203603 391.243653984613 324.813803125093|39.429349432976 1.279904455791 1.151646558312 1.279904455791 61.558493785706 25.389421760468 1.151646558312 25.389421760468 90.751738674808|
|27|0.001365553733|354.717194648009 351.906164940996 280.407763802907|109.661841314955 -23.587087536391 -165.600968699830 -23.587087536391 98.529303735108 83.261980095776 -165.600968699830 83.261980095776 679.115549020469|
|28|0.008533887312|367.859888238711 363.312756309198 403.322653832984|48.611108144192 10.664486723312 -23.786969917855 10.664486723312 53.055248187855 -9.591135168332 -23.786969917855 -9.591135168332 193.986942080257|
|29|0.008720700584|352.757361166179 381.809783505612 286.036592897151|63.195445994163 60.155937488744 -15.459794117516 60.155937488744 216.555791948776 23.788090142902 -15.459794117516 23.788090142902 165.445180558745|
|30|0.000263090742|348.635479675830 373.717606855529 306.495380307334|65.035867942890 19.099128656162 -65.614687419584 19.099128656162 203.613510537369 30.972260400493 -65.614687419584 30.972260400493 385.166415202606|
|31|0.023241135190|360.526579413032 375.560443385022 271.207720978369|99.175194672047 44.924356849719 -18.651015101539 44.924356849719 244.000280139211 8.478553067849 -18.651015101539 8.478553067849 68.498456512607|
|32|0.000019841830|348.636921832898 373.704584615600 306.484115796938|65.024609739601 19.049212633327 -65.580124113869 19.049212633327 203.674482742877 31.143737070481 -65.580124113869 31.143737070481 385.216537232220|
|33|0.011313408846|355.271198777624 393.596080808931 290.278950712979|57.238989520163 46.825950770697 -36.357497665347 46.825950770697 145.469224612170 -64.862337990606 -36.357497665347 -64.862337990606 163.877006911556|
|34|0.009108540295|343.086933376723 356.530507296526 437.111310813989|96.384681363692 -48.114036762796 16.688443597988 -48.114036762796 93.102175961263 -7.070509466692 16.688443597988 -7.070509466692 55.616453612514|
|35|0.004259321475|387.016990048409 370.018363376956 510.655031388018|100.717004932027 3.616665796639 9.512527143059 3.616665796639 28.573133343656 -0.688789492240 9.512527143059 -0.688789492240 18.110140669189|
|36|0.000136081439|360.977947291384 333.301284671840 356.641245634531|97.113527275345 -41.048292518230 -24.843531470964 -41.048292518230 107.951898500396 31.762881528106 -24.843531470964 31.762881528106 173.739100406659|
|37|0.007205177329|410.032395378706 398.856153871749 449.202516296680|37.084328430414 -2.090042927099 -23.699942136678 -2.090042927099 22.438740247890 20.496011613082 -23.699942136678 20.496011613082 90.149295610492|
|38|0.015878434150|349.848794801404 349.144813340054 281.155316296339|59.572535935717 -25.171698425038 -24.020867440777 -25.171698425038 112.451909107433 -3.646768372128 -24.020867440777 -3.646768372128 145.510781936755|
|39|0.011449347633|387.640029608478 360.815351020127 296.396998851091|79.479130139458 -2.229559295694 -52.319471677387 -2.229559295694 88.973351906185 68.796253267588 -52.319471677387 68.796253267588 351.122366499563|
|40|0.016535959483|405.947403896183 386.213686267158 429.236325162360|58.921576747525 28.108661734732 14.786671744019 28.108661734732 79.853412077995 54.805843550275 14.786671744019 54.805843550275 117.014331192913|
|41|0.018944262714|402.591645193938 365.687997722571 408.920720589671|49.211923048919 31.568570485833 8.214346102439 31.568570485833 154.390540628927 77.361084269010 8.214346102439 77.361084269010 96.982013835979|
|42|0.009496729552|294.711967803637 337.847824787843 455.825407580570|81.587875854981 39.339520972411 -6.345998799923 39.339520972411 35.360191468004 -6.470497212547 -6.345998799923 -6.470497212547 29.217927030288|
|43|0.006421212810|324.165722532321 381.510957939653 380.023439342948|31.890501115384 1.444063014744 -0.883946940143 1.444063014744 23.944248777174 -0.759988660750 -0.883946940143 -0.759988660750 157.189215589548|
|44|0.011972521935|382.799543168904 396.444636820573 339.800694403308|70.470691614319 -32.798894628417 -28.411561506917 -32.798894628417 154.343850724254 55.706464236486 -28.411561506917 55.706464236486 116.791653487613|
|45|0.001884664731|345.200396701062 335.873564891716 426.869844668033|37.590489751150 -2.136917991636 19.015949886903 -2.136917991636 27.388824269336 -0.216049578041 19.015949886903 -0.216049578041 81.049029168731|
|46|0.007454455291|387.835579102581 369.323512020530 447.293088597474|48.742004546453 3.816067464708 25.810179678898 3.816067464708 31.886726689612 2.598540208826 25.810179678898 2.598540208826 65.561694437522|
|47|0.002859000477|341.082454079671 404.758532695748 417.383691664466|14.684927710274 -2.594678761321 7.903358162555 -2.594678761321 15.218062294531 -10.227413994638 7.903358162555 -10.227413994638 71.480280562682|
|48|0.005372758468|414.462146597373 383.861169430826 490.068766404822|47.878747304349 -6.748235738749 19.443096103030 -6.748235738749 20.795608702610 -7.885564610217 19.443096103030 -7.885564610217 31.116401768173|
|49|0.001805849565|348.635745321206 373.715206125507 306.493303907206|65.033788746980 19.089928087094 -65.608306734794 19.089928087094 203.624754766584 31.003881204015 -65.608306734794 31.003881204015 385.175658478503|
|50|0.000898091027|348.636361269098 373.709643124126 306.488491956671|65.028977193520 19.068605357024 -65.593536492306 19.068605357024 203.650803731231 31.077139397428 -65.593536492306 31.077139397428 385.197071950912|
|51|0.004456006484|335.205380377813 395.253137767731 382.605314342879|62.208984160941 52.775412916177 -5.280857437843 52.775412916177 97.737009630859 2.024344619218 -5.280857437843 2.024344619218 52.402861022012|
|52|0.020908859080|373.973600709342 395.314167512692 400.834693034300|41.022658895294 -24.027568601188 31.229676113784 -24.027568601188 127.770379285823 -105.585081924772 31.229676113784 -105.585081924772 225.060166691139|
|53|0.030870948384|372.237363505419 411.202650574665 364.099534535570|58.488441460388 -8.928704872058 -4.789498435886 -8.928704872058 71.060561135353 -61.205884832394 -4.789498435886 -61.205884832394 310.275964176777|
|54|0.006373064851|368.798164221166 409.462781311912 289.493403706657|65.425903515425 -6.755882233469 46.573020547425 -6.755882233469 45.275253181433 -25.334256766917 46.573020547425 -25.334256766917 204.926053502058|
|55|0.001584125926|336.824477162316 366.467127588041 414.213801928083|11.217722407426 -11.847105611538 0.347346036287 -11.847105611538 46.570115468290 -7.756260358641 0.347346036287 -7.756260358641 34.884188344848|
|56|0.005650897049|397.645678319745 371.101987388223 467.202832990112|40.758156097290 0.686517980794 45.690856552537 0.686517980794 18.643946195429 4.135528032959 45.690856552537 4.135528032959 134.331023432082|
|57|0.000554936568|402.009908341378 363.744001025757 480.311551478083|11.728058100358 -0.247580363095 2.630700229056 -0.247580363095 2.431211087678 -0.549757592729 2.630700229056 -0.549757592729 36.042558915942|
|58|0.004942089541|402.563717064719 378.182301249629 480.082961580921|33.741539758630 9.716289847624 18.668463683105 9.716289847624 56.418978377711 16.713790174777 18.668463683105 16.713790174777 41.347049621603|
|59|0.018647234558|355.004350549605 351.743541402677 279.422671983004|110.682946611909 -23.418151088219 -167.532984282414 -23.418151088219 97.720565476062 82.330568710197 -167.532984282414 82.330568710197 681.556132073150|
|60|0.020209077662|345.198341583155 338.756809744430 402.511110326178|41.253696026964 -6.810441719630 -10.769103480823 -6.810441719630 79.363722924041 15.834564353660 -10.769103480823 15.834564353660 217.683808173140|
|61|0.004981124965|385.247780882720 341.610517979400 288.768300330727|100.714554989769 64.715974557505 -21.478713981051 64.715974557505 100.233387369750 -15.429018685725 -21.478713981051 -15.429018685725 61.452756109677|
|62|0.012849098026|362.316534803610 334.283850154626 290.188530377557|97.892597892031 -38.034468155587 43.850426205579 -38.034468155587 78.067950993791 -47.270577322241 43.850426205579 -47.270577322241 155.207948071620|
|63|0.001564364338|343.233898904116 363.921868902183 370.300859227093|58.684544950491 -44.981883539236 -13.876930733386 -44.981883539236 200.183571886388 71.143755448720 -13.876930733386 71.143755448720 73.110439011856|
|64|0.003935532155|348.636204853733 373.711055338697 306.489713575862|65.030197801039 19.074018712738 -65.597284037998 19.074018712738 203.644191814470 31.058544032203 -65.597284037998 31.058544032203 385.191636643984|
|65|0.005733783584|320.877397672038 359.361999288894 446.889950191200|53.144389587294 20.148902684537 -31.949418536038 20.148902684537 49.138892191710 -30.939893507544 -31.949418536038 -30.939893507544 93.851026540506|
|66|0.013065188172|363.627752730141 412.888954145649 269.737241679240|51.710498652363 -9.058311006520 7.256748266213 -9.058311006520 48.907268332929 -12.760131704315 7.256748266213 -12.760131704315 54.736012913650|
|67|0.002111494270|348.636346761295 373.709774095633 306.488605254105|65.029090369906 19.069107413015 -65.593883989932 19.069107413015 203.650190551474 31.075414877967 -65.593883989932 31.075414877967 385.196567888663|
|68|0.015152345084|394.385198483670 354.922505042069 271.803283198621|51.127151696564 10.986135285842 16.583427940306 10.986135285842 71.753173856108 14.132810007621 16.583427940306 14.132810007621 148.152819339462|
|69|0.000147604918|389.239532823030 359.100534798785 288.456173121293|77.349158397235 -1.942247541330 -37.813954309298 -1.942247541330 83.318795272906 37.442896772875 -37.813954309298 37.442896772875 250.656686262795|
|70|0.004368484811|321.127009946049 375.403877832804 460.826777147537|47.146700207857 5.794811899832 -4.261499865301 5.794811899832 26.916670240025 12.523982896062 -4.261499865301 12.523982896062 33.634134041669|
|71|0.000239706099|348.635801425498 373.714699207959 306.492865456646|65.033349933365 19.087985270075 -65.606959950863 19.087985270075 203.627128791384 31.010557515008 -65.606959950863 31.010557515008 385.177610037630|
|72|0.001539382783|370.664837779507 334.587310721002 374.379982299289|9.866354941594 0.411596952807 -1.538314980338 0.411596952807 44.571640678216 -6.096999795569 -1.538314980338 -6.096999795569 51.125423182151|
|73|0.011496789730|374.697446867922 383.264399447740 267.303385509942|59.094575679163 -5.484150746372 -3.104363452294 -5.484150746372 90.043420433125 -18.907792425889 -3.104363452294 -18.907792425889 41.023559176785|
|74|0.004515691766|348.635964514154 373.713225893256 306.491591101648|65.032074980263 19.082338434266 -65.603046624470 19.082338434266 203.634028287692 31.029960765358 -65.603046624470 31.029960765358 385.183281744947|
|75|0.003992014999|317.318080201438 351.323086875625 459.351597489969|41.459934063882 4.664177864484 5.771494530694 4.664177864484 65.770663914882 -35.473449074256 5.771494530694 -35.473449074256 80.402964643756|
|76|0.003211900735|367.185627301046 350.799990134863 356.469772385421|69.321813415387 47.216747643601 -5.040619632462 47.216747643601 135.124452843447 -38.516004745179 -5.040619632462 -38.516004745179 75.534111275119|
|77|0.016904869552|332.215091364116 367.523024978506 344.026945984102|58.384838043828 -30.402222187433 -41.288784845237 -30.402222187433 99.672968720028 74.517409835462 -41.288784845237 74.517409835462 152.653213038633|
|78|0.014545900651|376.481479154508 370.111428002968 430.865890199534|172.206768343487 81.267699700140 43.848787960276 81.267699700140 91.481810395606 -2.513798003434 43.848787960276 -2.513798003434 102.139914456406|
|79|0.008953952225|395.876976714105 322.926872750854 368.901500838219|50.351428436144 23.352366734718 11.114268527279 23.352366734718 75.528172431645 22.014234363829 11.114268527279 22.014234363829 24.256843104667|
|80|0.026338401792|371.266704894849 324.023064512512 323.420436413324|48.929116837535 -12.218689637855 3.542569585305 -12.218689637855 62.211331490660 -13.975978755683 3.542569585305 -13.975978755683 263.713652948398|
|81|0.007975987700|336.303798917870 388.312713249854 440.575282424822|47.013934514602 26.040801335228 -47.662010809436 26.040801335228 67.734275056166 -65.785186257126 -47.662010809436 -65.785186257126 116.808628028346|
|82|0.014763462626|344.959338218330 357.883203875220 317.889347096351|97.863433605467 -36.874917417837 -115.456649719301 -36.874917417837 110.369620321580 106.946046670811 -115.456649719301 106.946046670811 349.348320010162|
|83|0.000558273726|345.198283916757 338.757394782128 402.511558717813|41.253188840084 -6.808951155879 -10.767835713079 -6.808951155879 79.365408031823 15.833733130334 -10.767835713079 15.833733130334 217.690517931071|
|84|0.000018730656|345.198285207008 338.757381689177 402.511548683083|41.253200190040 -6.808984514471 -10.767864084628 -6.808984514471 79.365370318264 15.833751729631 -10.767864084628 15.833751729631 217.690367774776|
|85|0.002601689348|346.095058840541 406.685599868486 349.757702134933|21.012865243116 0.534213839594 10.805580562825 0.534213839594 18.936361984146 2.393930396589 10.805580562825 2.393930396589 38.254413014947|
|86|0.004545556533|367.594838825314 412.871225579606 381.454193855496|46.860528949066 8.251694464940 -2.885257585149 8.251694464940 52.007718344714 -1.854262413166 -2.885257585149 -1.854262413166 54.428597576538|
|87|0.000103906157|345.198287795571 338.757355424045 402.511528552658|41.253222957646 -6.809051435193 -10.767921003280 -6.809051435193 79.365294667470 15.833789047727 -10.767921003280 15.833789047727 217.690066548996|
|88|0.005453717748|362.657227567109 357.809433260132 408.064170852935|207.102154266438 -33.655449286904 -59.302496094489 -33.655449286904 41.837846250928 15.465836663119 -59.302496094489 15.465836663119 60.758219955082|
|89|0.003681485651|382.361772447525 350.764082478803 293.015418481130|123.790446087078 32.607263627491 -26.033734866345 32.607263627491 118.285656425287 17.327300725752 -26.033734866345 17.327300725752 77.028248122937|
|90|0.003878767578|345.524308795647 341.748815288684 341.944880296317|66.483283075344 -58.375355802054 44.990568311187 -58.375355802054 106.051422727265 -63.152677965147 44.990568311187 -63.152677965147 90.297132214648|
|91|0.001090552175|360.143716073837 397.438866835014 348.598159371061|135.406340942092 11.745611964725 -3.878703520197 11.745611964725 67.630142369075 7.230559221498 -3.878703520197 7.230559221498 12.287543499813|
|92|0.001630733952|348.635517766897 373.717262556428 306.495082529930|65.035569654268 19.097809211074 -65.613772095341 19.097809211074 203.615123222495 30.976795499344 -65.613772095341 30.976795499344 385.167740904391|
|93|0.004719463595|412.884706597241 370.901057887764 506.319681793867|32.294726224325 5.737113636307 -8.518950459955 5.737113636307 14.530452437757 -6.476903211500 -8.518950459955 -6.476903211500 43.034705566417|
|94|0.003021163221|303.205910053333 335.396702032531 432.270979222443|29.005336761766 4.634401106116 -14.237289650468 4.634401106116 15.245372527643 3.706067882711 -14.237289650468 3.706067882711 33.963701062312|
|95|0.001988601037|352.304639941924 353.196557075982 288.609332206989|95.759732092818 -22.457574423242 -129.774014632334 -22.457574423242 105.179822709513 81.226197049880 -129.774014632334 81.226197049880 585.546594590691|
|96|0.012418749859|351.681794963698 344.398542265763 437.324651156681|51.473772128375 12.779637082218 13.766043918964 12.779637082218 73.047526341106 17.342571199668 13.766043918964 17.342571199668 57.214766292484|
|97|0.006172383800|387.640038949037 360.815337008075 296.396941972739|79.479132677283 -2.229563132831 -52.319417858860 -2.229563132831 88.973298282057 68.796039487293 -52.319417858860 68.796039487293 351.121644165309|
|98|0.000637110255|393.164963717985 375.380478647444 437.853053208606|47.436044049682 18.231023302709 -20.387067269592 18.231023302709 51.716337021324 -25.465316449612 -20.387067269592 -25.465316449612 94.559559293382|
|99|0.020142562440|369.103651945489 405.453855198580 304.865723461622|75.482694070553 4.828208679857 45.841610972202 4.828208679857 66.167104009830 -37.689899406803 45.841610972202 -37.689899406803 308.150595113228|
|100|0.017223538856|325.180454274757 374.099671412753 412.376763135393|38.061973288597 2.024606472070 -2.353181345970 2.024606472070 59.982399154978 -85.913770919491 -2.353181345970 -85.913770919491 239.696574214380|
|101|0.009820301658|348.636367107519 373.709590418337 306.488446362960|65.028931649576 19.068403319528 -65.593396651762 19.068403319528 203.651050489454 31.077833383912 -65.593396651762 31.077833383912 385.197274798353|
|102|0.000139203442|348.636393794682 373.709349503408 306.488237958099|65.028723482130 19.067479803838 -65.592757491177 19.067479803838 203.652178378106 31.081005498418 -65.592757491177 31.081005498418 385.198201977546|
|103|0.016357730536|358.349253376716 323.847063060584 382.838025659569|73.252169826650 -29.125805484815 -48.766842836922 -29.125805484815 81.880260520149 30.860730958375 -48.766842836922 30.860730958375 96.256434268464|
|104|0.015423135850|392.946302897321 344.251080624159 390.240200516869|63.276409138751 -9.744977484166 -22.603762434272 -9.744977484166 49.576292529731 24.666177670937 -22.603762434272 24.666177670937 86.304789008776|
|105|0.016217068041|345.372887745533 353.711051864977 483.207472888945|104.299534487203 49.131890208286 56.328917629144 49.131890208286 80.325192504679 43.452225498360 56.328917629144 43.452225498360 86.651942883531|
|106|0.002712092117|336.910051733058 373.537760597410 439.389088924352|21.828252993451 -2.050395514991 2.192012040410 -2.050395514991 95.898720499215 6.679169025389 2.192012040410 6.679169025389 43.754780266900|
|107|0.002744387131|345.198292079291 338.757311960427 402.511495239924|41.253260635422 -6.809162174017 -10.768015190610 -6.809162174017 79.365169480559 15.833850798837 -10.768015190610 15.833850798837 217.689568072208|
|108|0.009992297804|368.934359636262 419.464765254562 322.978162916691|36.288048334216 -0.961559136282 -5.763810821547 -0.961559136282 38.234556565032 26.268009907799 -5.763810821547 26.268009907799 164.110912252436|
|109|0.002558474772|352.737987459639 381.819166372196 286.197983548176|63.097410569462 60.100230716867 -15.387937913169 60.100230716867 216.319515149517 23.639402217217 -15.387937913169 23.639402217217 166.573583476507|
|110|0.009290782330|322.276656486070 344.740689576584 472.522917985195|65.592411560050 8.366655380174 -13.031724767032 8.366655380174 48.616975342942 9.250351475086 -13.031724767032 9.250351475086 48.936772570625|
|111|0.003180871665|344.601664113607 392.703095588189 349.465647904466|109.282711898282 75.011701082112 -2.309663089749 75.011701082112 109.200442166300 6.508697958518 -2.309663089749 6.508697958518 15.115309931920|
|112|0.022068842263|386.354756131746 339.572113039468 209.276534503934|127.058563186962 -24.057452054694 -20.319052153427 -24.057452054694 93.691278855011 41.044364009285 -20.319052153427 41.044364009285 67.443673842332|
|113|0.005120452718|339.627068409985 378.818368187305 377.827814503323|69.842497986363 -34.040080260980 -12.127707659980 -34.040080260980 78.131868706638 15.524715949636 -12.127707659980 15.524715949636 37.263184375304|
|114|0.000485511401|348.635294416816 373.719281651487 306.496828768237|65.037319414871 19.105546680759 -65.619141039177 19.105546680759 203.605665375391 30.950198980005 -65.619141039177 30.950198980005 385.159966122781|
