#|num|weight|mean|covariance matrix|
|0|0.002447987438|338.520451652730 343.612817193802 402.406022810078|12.938576318658 8.190107273389 -5.228817540337 8.190107273389 38.249499222919 -5.744787853007 -5.228817540337 -5.744787853007 115.055137717776|
|1|0.002858318148|385.061999308651 365.817642761847 312.860266041366|54.703743193473 5.015091558627 -10.150809754705 5.015091558627 115.161683171173 96.516540264463 -10.150809754705 96.516540264463 187.948079168578|
|2|0.002270175877|379.238129295806 403.533280599116 303.483593999329|15.692309556936 0.608586276008 11.321510031237 0.608586276008 32.961266854254 -28.192256916111 11.321510031237 -28.192256916111 110.211272588043|
|3|0.003662177848|348.649415371339 335.064067479639 391.640828084298|46.921742652572 -13.158052127474 -22.038949044334 -13.158052127474 62.251655581349 10.701170466840 -22.038949044334 10.701170466840 118.063392368116|
|4|0.008832373602|362.876018786431 335.411082527616 289.613081627712|73.291066079692 -31.301555149126 38.190008673104 -31.301555149126 77.407574407640 -52.315082083383 38.190008673104 -52.315082083383 139.460729238679|
|5|0.002479319539|353.340131542188 406.958140363194 352.729083342960|56.924987616803 34.092529724410 6.614766699349 34.092529724410 53.039614932408 6.193065316387 6.614766699349 6.193065316387 19.559359363382|
|6|0.001421237684|375.908908042310 380.798062639622 388.795001586564|18.209405112400 4.157733297441 -14.347785761318 4.157733297441 66.656190872454 10.667272564751 -14.347785761318 10.667272564751 47.196830702596|
|7|0.001415557940|396.573874727819 371.946628285985 323.274988928015|12.533805063780 -0.740626962128 -5.815688136252 -0.740626962128 35.631195179565 15.883907360563 -5.815688136252 15.883907360563 60.199361683437|
|8|0.017720597968|349.291591906173 375.198749484142 307.401621007042|54.589749308099 18.883305522206 -60.447928648704 18.883305522206 135.665968445042 -15.814701650306 -60.447928648704 -15.814701650306 273.431431532328|
|9|0.003541728473|366.576839504481 317.339978112885 350.864226940309|42.118548280298 -13.143172418786 -38.062246975242 -13.143172418786 20.438992597657 15.631603860253 -38.062246975242 15.631603860253 193.616511333705|
|10|0.001336887368|341.817812615647 413.413307111354 376.740633999118|12.989982657382 2.664535081101 3.369805363385 2.664535081101 21.494514143531 13.012256917311 3.369805363385 13.012256917311 31.401154596475|
|11|0.000401325052|358.905204154377 331.959243442781 370.199249960253|86.495121830405 -29.337355146199 -80.732861690049 -29.337355146199 76.876629699444 23.217194772456 -80.732861690049 23.217194772456 236.040218938142|
|12|0.001548191773|366.510956170878 406.317198654837 397.915633509256|25.112079889601 -6.555449615815 23.710742533032 -6.555449615815 40.920571746421 -36.984698691755 23.710742533032 -36.984698691755 81.020895125286|
|13|0.002909459336|392.336341534687 352.646325988857 404.625752513413|38.674658077274 15.230151557364 19.455985881970 15.230151557364 62.387861861542 25.272254304116 19.455985881970 25.272254304116 38.936914519116|
|14|0.027321225006|383.357943919778 365.352923373577 324.472010997728|56.401397911482 8.197780681076 -20.171187938322 8.197780681076 57.253587703570 35.350423059062 -20.171187938322 35.350423059062 433.255056754278|
|15|0.001725209134|380.068892860995 372.536665828536 306.796624287445|25.295099738840 13.823877103569 7.746997006849 13.823877103569 35.557028811600 40.265638423589 7.746997006849 40.265638423589 114.467045323210|
|16|0.001018790445|346.357563615187 352.026890786100 383.172860536460|30.173068996228 12.634670367916 2.152251408232 12.634670367916 80.850125374651 -35.489812319604 2.152251408232 -35.489812319604 86.355945028161|
|17|0.002623254628|363.905255600758 365.580586212990 339.824328489077|85.455285691598 -18.220355701924 15.211457788173 -18.220355701924 38.493318050605 -17.552071813450 15.211457788173 -17.552071813450 49.028479782908|
|18|0.001436705687|382.872465400816 359.531966287412 353.646974304706|52.937701326853 7.286760297400 6.593907114555 7.286760297400 19.677484107102 3.501536275973 6.593907114555 3.501536275973 144.651237673766|
|19|0.001839998105|333.140453816114 362.115459497031 325.118784248029|27.858522932380 -7.189331212852 -37.167461932084 -7.189331212852 44.191377271723 25.546046220741 -37.167461932084 25.546046220741 96.460540296437|
|20|0.004166546106|360.803102850909 360.856429188931 410.915430264629|93.752430433611 58.094624150050 29.197619503044 58.094624150050 89.996437357957 33.571214888885 29.197619503044 33.571214888885 72.714431419561|
|21|0.001160854591|343.901695415517 345.566145640685 340.012350349520|54.530002900428 -30.855003392833 19.446482590123 -30.855003392833 49.861434650389 -12.882612707908 19.446482590123 -12.882612707908 29.376176161648|
|22|0.017664876250|364.025436029274 381.129482766269 336.861737384029|135.078946263297 13.404391681164 36.708185112584 13.404391681164 131.989959613420 -30.547083505138 36.708185112584 -30.547083505138 71.307250988029|
|23|0.017146873058|369.005977915842 404.151782493994 304.466291543907|60.655694903340 -0.935471434408 41.369724603501 -0.935471434408 55.304776697187 -46.292135981421 41.369724603501 -46.292135981421 244.961072587641|
|24|0.000097196083|378.189752466061 391.907914627764 335.591325755807|67.673979116080 -31.822148519132 20.393329482962 -31.822148519132 156.612087613874 -62.256279659079 20.393329482962 -62.256279659079 110.416066236096|
|25|0.001918758949|377.737516639895 355.348474070588 324.837753198522|27.614945149980 -2.894172228902 -5.661021444030 -2.894172228902 15.586365048119 13.044261650008 -5.661021444030 13.044261650008 163.931703247421|
|26|0.000867542118|348.127323431152 383.530526265444 313.072306861733|61.231459760005 34.024046883686 -72.265628636436 34.024046883686 89.052423492220 -53.782005029294 -72.265628636436 -53.782005029294 265.076011852114|
|27|0.003567696404|413.327946502871 370.278020544286 507.367735155154|25.640954228205 4.539155339851 -1.100413852895 4.539155339851 13.400203168159 -1.234208182752 -1.100413852895 -1.234208182752 29.333896754746|
|28|0.009069882736|383.654050043870 368.310934933817 359.509295650215|48.253064231161 4.670382798155 -6.517029081675 4.670382798155 54.258743897168 -5.745345685747 -6.517029081675 -5.745345685747 123.118158230252|
|29|0.000949902847|390.485606308538 380.780622928004 374.877644010634|20.955934636528 -5.564077720570 -1.263410170242 -5.564077720570 18.587511264603 1.616544522898 -1.263410170242 1.616544522898 17.303415562346|
|30|0.001114312398|331.798711948668 354.113235901550 337.273199284863|24.762078941058 -20.006478561758 -3.238612321002 -20.006478561758 41.672321442369 11.592926343641 -3.238612321002 11.592926343641 32.282773090265|
|31|0.003685309100|328.994798759283 377.418392278112 349.030123374726|39.809995628370 -0.941542958113 -32.410068316327 -0.941542958113 33.002600717009 27.514095356397 -32.410068316327 27.514095356397 106.478980109168|
|32|0.003101012484|385.486068577779 362.489870857601 305.198398946387|61.894707188301 -1.803428102605 -40.760946919399 -1.803428102605 75.731321679836 71.903588617497 -40.760946919399 71.903588617497 319.615999798247|
|33|0.003198508216|372.863764962013 369.157635284823 385.226768643015|59.551171588333 25.683996412496 -61.528473012993 25.683996412496 46.966753411223 -21.375146865466 -61.528473012993 -21.375146865466 143.695261953835|
|34|0.000538698538|297.575818599289 337.053764306118 441.739564264227|13.436509580497 0.916173837322 -9.493643823371 0.916173837322 13.860472521585 11.753981619026 -9.493643823371 11.753981619026 36.179419749591|
|35|0.005286753763|363.076849261381 362.543941472984 424.298496583353|110.497144863795 73.698446423048 -1.999875427719 73.698446423048 98.960290224524 -23.852739841997 -1.999875427719 -23.852739841997 89.478770282672|
|36|0.011528755383|352.428566342403 352.914894592122 288.172645510782|57.117066911989 -11.936990570917 -18.183433672501 -11.936990570917 91.069433191893 18.763260572028 -18.183433672501 18.763260572028 171.819401643515|
|37|0.003729512001|355.373247174528 349.771538427969 444.511691250460|32.284990267304 -0.778898964170 -10.417286504118 -0.778898964170 34.206253779907 0.742292991956 -10.417286504118 0.742292991956 27.381523860124|
|38|0.001693872968|353.693108438292 367.032187429733 381.061020483713|75.506133235976 -21.160818549310 24.590139961103 -21.160818549310 35.636966753489 -13.161207304511 24.590139961103 -13.161207304511 36.087602070271|
|39|0.007177649480|373.588064527966 377.658481995790 270.440627624600|56.385808852938 -5.460155645880 0.753775157122 -5.460155645880 63.118005534605 -22.264347086049 0.753775157122 -22.264347086049 45.783310971950|
|40|0.009599005976|405.843692274257 388.210108865374 434.086657198584|48.734955314460 17.818224959308 8.431462331966 17.818224959308 59.232863704558 24.216908644856 8.431462331966 24.216908644856 54.101185753825|
|41|0.015283015306|372.052170699699 410.925983753199 361.694901248331|47.661806343123 -5.047596066433 -6.100777496526 -5.047596066433 53.357520258724 -39.225175787520 -6.100777496526 -39.225175787520 256.671860635775|
|42|0.002203907494|353.322975693534 393.878035752872 348.432571053214|83.901270484712 30.054036447924 1.213105917122 30.054036447924 71.762742699037 28.908604598808 1.213105917122 28.908604598808 27.488423256684|
|43|0.001221381667|344.034203816767 345.346661372594 338.602628519981|35.237218814756 -16.768349188802 26.364479286596 -16.768349188802 42.762368636730 -28.774342966994 26.364479286596 -28.774342966994 62.353886889236|
|44|0.002905990578|336.253812093040 376.824239586068 438.403050999788|25.860671871458 5.982294834292 11.182836172666 5.982294834292 49.179754178447 0.341383347695 11.182836172666 0.341383347695 33.876846076921|
|45|0.003614559669|344.538866673958 329.581187209107 403.965165609709|33.075344013079 -16.179213086303 -16.834187207540 -16.179213086303 33.245894073756 29.505258448829 -16.834187207540 29.505258448829 106.524973475840|
|46|0.001931221595|387.966557033807 353.582519189380 381.778627824163|49.426454175264 -17.150210236752 8.839744470199 -17.150210236752 44.138564107110 -20.387082158733 8.839744470199 -20.387082158733 29.081339435390|
|47|0.002550652023|345.374646459709 356.523357737525 315.874022727484|73.663008592208 -30.655187795259 -89.259428739082 -30.655187795259 81.551672153175 90.514127471077 -89.259428739082 90.514127471077 294.689183391703|
|48|0.003010331740|372.652875625089 376.609734778246 404.869627321344|21.792787622253 19.821196821460 -8.279759019206 19.821196821460 104.683912084060 -9.809355326404 -8.279759019206 -9.809355326404 105.060987155099|
|49|0.001953036080|353.215329706774 330.797043481842 402.137440585300|19.579283458734 -1.209253188994 -18.518972649559 -1.209253188994 43.582422955078 21.109721695306 -18.518972649559 21.109721695306 68.781487966015|
|50|0.002770625579|388.179016852299 372.360828153453 376.287076560337|29.323803551233 -3.764389145392 -7.332082712324 -3.764389145392 55.109632498818 -0.447806293058 -7.332082712324 -0.447806293058 21.846823996399|
|51|0.011924639090|379.594353058011 395.439020591082 341.362665834404|67.200430051627 -28.418898973148 -23.518411547062 -28.418898973148 129.631404618267 48.548259997158 -23.518411547062 48.548259997158 93.615327723455|
|52|0.005680010582|388.941884660891 342.249992342762 393.237054112864|36.328284994059 -6.875530719408 4.971746394469 -6.875530719408 30.812505876602 8.842992013379 4.971746394469 8.842992013379 49.379166131752|
|53|0.003710309474|356.480828586272 340.363600073595 267.477097229259|38.093935183322 0.267427237239 -10.821773856282 0.267427237239 35.941603894942 -36.743127439928 -10.821773856282 -36.743127439928 125.878205003726|
|54|0.009312429909|348.345743107567 355.301232880333 485.529917379341|47.670697881302 18.264012191343 14.672978415852 18.264012191343 66.006549324244 18.632322514168 14.672978415852 18.632322514168 53.644014445803|
|55|0.002182131864|402.312665891663 339.379683047036 206.215301221454|24.221552681876 -14.668920335476 8.989224614721 -14.668920335476 35.193711336120 -1.729007214104 8.989224614721 -1.729007214104 25.512345758179|
|56|0.006095513028|324.388008002032 380.672473540465 380.807712732567|31.874653664578 -0.705471176261 -1.204983614007 -0.705471176261 21.940845297795 -3.140542795765 -1.204983614007 -3.140542795765 121.985288279917|
|57|0.004871714654|385.192317230687 341.267592725094 287.623492887521|82.962368887733 48.097617345687 -25.830675253441 48.097617345687 67.068833362267 -19.607677991793 -25.830675253441 -19.607677991793 58.491429481452|
|58|0.004841669051|403.698894686434 382.063702532213 481.705959785435|35.205757059273 9.050153669552 17.096255384706 9.050153669552 39.802128313866 16.810282576858 17.096255384706 16.810282576858 35.270667906385|
|59|0.007073777776|363.199770559471 406.959898654444 275.637131195868|45.622941883426 5.556997766485 0.597947680537 5.556997766485 54.385917126463 -10.057322560038 0.597947680537 -10.057322560038 59.339997373027|
|60|0.001446560897|339.875151133780 384.761404345714 317.859501987221|15.478997149999 1.063594028514 -12.203976368415 1.063594028514 50.713916019216 7.453449109860 -12.203976368415 7.453449109860 49.528579720049|
|61|0.002642488865|336.985852691339 365.900930974397 414.753276335973|37.313822050855 -25.214768779158 0.692989386211 -25.214768779158 49.258441218175 -8.438695104822 0.692989386211 -8.438695104822 32.529134734825|
|62|0.001552409486|359.670232451802 315.650067939454 384.500522776432|32.429099243251 -13.172151723702 -22.866808663122 -13.172151723702 28.543409676815 21.464480124749 -22.866808663122 21.464480124749 46.764391476259|
|63|0.001962397339|362.471229042697 379.708643139112 344.102685869906|124.585621492588 53.332774218550 29.022537491503 53.332774218550 124.647778491199 11.635634579565 29.022537491503 11.635634579565 24.164130983365|
|64|0.003459236599|369.221556828352 338.236145723114 363.417783849291|23.195464505377 -15.553174103523 -0.443625743093 -15.553174103523 50.339298170933 -9.507197758285 -0.443625743093 -9.507197758285 73.441099570104|
|65|0.006357530087|364.446285802859 417.777618740082 320.533870196188|23.166667009471 11.752370712114 6.995771754970 11.752370712114 42.263405727164 24.781706352544 6.995771754970 24.781706352544 124.096976502289|
|66|0.007321869843|354.231649939525 388.134339507026 292.355222738793|47.919152471964 42.018041461648 -21.499040088136 42.018041461648 145.769203678705 -32.203783299134 -21.499040088136 -32.203783299134 142.769167684892|
|67|0.005948743829|372.919538734856 369.306967136707 425.892087373067|154.599063781847 79.426276098267 41.697480157833 79.426276098267 85.393434323923 5.575923520519 41.697480157833 5.575923520519 89.854177737201|
|68|0.004555964045|341.868345887450 357.658513605631 371.662556145619|40.047869780145 -23.928352235976 39.698176265505 -23.928352235976 80.543594858842 -53.619137068541 39.698176265505 -53.619137068541 123.917456344294|
|69|0.000729220263|340.033980681936 340.662185051357 388.494543426150|15.733978668781 3.200808778405 -12.037067256606 3.200808778405 42.597202559045 -6.460590722767 -12.037067256606 -6.460590722767 62.346359502262|
|70|0.003308893647|377.031707379589 323.859175918454 295.217999295554|20.587352775707 7.351501881887 2.855564174955 7.351501881887 47.250563785477 -25.624647451754 2.855564174955 -25.624647451754 61.844192725432|
|71|0.003546561772|321.797282301306 338.132609744588 470.556443364390|47.075213230622 -3.743657104875 -18.790076658217 -3.743657104875 17.629888946714 2.287593656394 -18.790076658217 2.287593656394 34.070163423021|
|72|0.001401243763|400.732153083488 324.958581800341 196.872513637208|16.018004701880 -2.574810424208 -3.001180345309 -2.574810424208 14.304887915045 6.440947527975 -3.001180345309 6.440947527975 18.296708467053|
|73|0.002573401127|331.159544780672 371.326048105789 360.240210307158|41.922042047299 -15.989294672399 7.285057565794 -15.989294672399 63.915333096287 55.089167989761 7.285057565794 55.089167989761 132.755948927123|
|74|0.000812869995|353.784039595453 401.454505288377 325.229746875127|72.419806853854 32.085946709121 -0.774297966316 32.085946709121 41.119294879405 0.494882224957 -0.774297966316 0.494882224957 20.802569274354|
|75|0.002603853929|388.970375581975 404.333361455849 333.209835247894|26.516392349615 -17.382561882085 4.674455980712 -17.382561882085 56.670746867399 9.126660487207 4.674455980712 9.126660487207 30.152085125534|
|76|0.000551992841|378.307432709943 364.349753549641 377.020901812573|73.912393161794 2.711609517835 -49.700933420419 2.711609517835 33.732327556238 1.776728746103 -49.700933420419 1.776728746103 92.473769360076|
|77|0.005414313558|354.421922620732 390.719974825732 328.528712387430|103.826427036125 64.830579255620 -24.946518899727 64.830579255620 119.545377051953 -37.785060809358 -24.946518899727 -37.785060809358 72.055506767865|
|78|0.009526518263|343.305572213994 355.542458231806 437.066916052300|78.380633902634 -32.846353022644 7.943152784341 -32.846353022644 69.074646896916 -3.768200497638 7.943152784341 -3.768200497638 42.479959513410|
|79|0.004218770660|390.641325620158 377.333724532450 319.471091422424|32.157498545508 -10.696048203041 -1.227758571869 -10.696048203041 82.362519247457 54.692117320927 -1.227758571869 54.692117320927 89.607596750488|
|80|0.001780677536|345.374486520592 356.522328526120 315.873593914065|73.659263139285 -30.654002271127 -89.253918966613 -30.654002271127 81.545886394902 90.511248957540 -89.253918966613 90.511248957540 294.683251584283|
|81|0.001385735975|378.338730992559 364.393749768409 377.009703904975|73.811203240039 2.806661150389 -49.589333545737 2.806661150389 33.924654675007 1.737722675665 -49.589333545737 1.737722675665 92.275584681600|
|82|0.005232303432|416.086791815704 381.748522716082 491.907310443817|32.611732475052 1.034172199114 10.771227916179 1.034172199114 27.407737467933 -11.628323648911 10.771227916179 -11.628323648911 29.578066108807|
|83|0.002527892895|349.227601742717 394.415666325312 292.608995482152|29.065000721355 33.979214803781 -43.114759339282 33.979214803781 80.219827468158 -68.538239221292 -43.114759339282 -68.538239221292 154.392533791601|
|84|0.000835055457|372.697771726343 360.823182963116 328.972802711160|23.721621139615 -10.164573554473 -17.214301573404 -10.164573554473 33.087119347867 6.747764675893 -17.214301573404 6.747764675893 72.742200295164|
|85|0.004399285485|345.374680165014 356.523574693534 315.874113128356|73.663797993009 -30.655437617708 -89.260589989965 -30.655437617708 81.552891661078 90.514734059936 -89.260589989965 90.514734059936 294.690433473588|
|86|0.004611732142|355.861588860235 344.292421623138 236.398660665598|21.367200583947 -8.756599768560 -0.496251641584 -8.756599768560 39.280271067953 0.112757415540 -0.496251641584 0.112757415540 38.858056086887|
|87|0.004390634966|358.651565193237 416.609759168448 264.815358511380|23.518176019061 3.315891385457 -0.971142333350 3.315891385457 32.707499622047 -3.031768048852 -0.971142333350 -3.031768048852 21.081402331823|
|88|0.001191723155|350.587785674959 368.844854258428 368.069886229826|16.058393106810 -3.116297044922 4.328842763440 -3.116297044922 46.158903880569 18.520010681648 4.328842763440 18.520010681648 24.969143440889|
|89|0.006694683479|386.463130893584 369.186890391122 511.328065432245|125.474211211520 9.536626453424 8.940606248827 9.536626453424 24.213743056200 2.664255147421 8.940606248827 2.664255147421 16.213140566222|
|90|0.006935594916|377.756538848229 351.131198669701 295.582240517318|100.300986567920 14.927122947789 -4.906900694521 14.927122947789 85.461585328449 26.127127622327 -4.906900694521 26.127127622327 55.618053162238|
|91|0.003865873614|398.670408707677 339.668272881305 379.192680874548|36.761671356420 -6.866110949544 -9.053416221577 -6.866110949544 57.464203268610 26.814214473881 -9.053416221577 26.814214473881 38.780854363838|
|92|0.018007214413|371.595086720223 371.616550342202 499.868242031830|111.062295199779 21.500997044670 34.239732794580 21.500997044670 45.045279283193 6.966013456229 34.239732794580 6.966013456229 53.081318748620|
|93|0.010426945825|325.448490690508 370.513056928631 420.112821796294|38.030355140203 2.744505785769 -7.164655134344 2.744505785769 64.463682711852 -90.983248072152 -7.164655134344 -90.983248072152 224.471007238812|
|94|0.021057989953|361.380561630243 348.945502473470 258.924218024513|87.901824761851 -9.297276919140 -100.040074876073 -9.297276919140 57.672523702407 26.359197234546 -100.040074876073 26.359197234546 342.028808994219|
|95|0.001180763325|381.009900701045 367.557279852919 375.565438677036|59.395077375608 7.580365064059 -34.264468339592 7.580365064059 48.062380732765 -0.614344006171 -34.264468339592 -0.614344006171 71.082522504585|
|96|0.001110049911|366.922183101461 310.781863500233 374.066314053504|20.578352546145 1.256462797173 -8.373465452401 1.256462797173 16.307309058946 -3.306499620128 -8.373465452401 -3.306499620128 21.636750601610|
|97|0.003016361709|394.814919518963 360.221070390467 258.988923503111|26.083007685258 -8.163453132380 -1.666030229739 -8.163453132380 40.128683157920 19.296197484757 -1.666030229739 19.296197484757 37.967192966098|
|98|0.004118502131|412.539315172889 389.985098479245 426.276077922254|24.032122428267 9.243909705110 22.314154737833 9.243909705110 45.798999029503 46.139389956923 22.314154737833 46.139389956923 102.394040505838|
|99|0.002202883814|378.701144742890 399.170050269264 376.536934606301|21.430470719381 12.599826466059 -19.669298279798 12.599826466059 45.320640166145 -48.073868708016 -19.669298279798 -48.073868708016 103.424757526605|
|100|0.005596303607|397.741061537567 324.547233048235 369.490249673030|37.711466350505 16.468751165623 8.318659159995 16.468751165623 62.195307672402 16.715009452470 8.318659159995 16.715009452470 23.436088080867|
|101|0.002598428576|328.280478201642 368.771140714200 449.385749654632|62.372760827202 11.400930030111 -32.213603955664 11.400930030111 58.210617398610 18.278955768794 -32.213603955664 18.278955768794 49.741904531897|
|102|0.001588940280|378.381494355913 364.454098129681 376.994193182986|73.666568453424 2.936640303931 -49.433990644873 2.936640303931 34.189278348640 1.683400591486 -49.433990644873 1.683400591486 92.006202319695|
|103|0.002739253565|351.183163404443 328.843673163710 352.708289010928|30.240210117030 -23.085229801756 2.210192034472 -23.085229801756 41.339127548577 -6.175569843064 2.210192034472 -6.175569843064 52.163132271366|
|104|0.019192079090|362.699523005458 330.966357442011 356.816847066720|73.161651522474 -27.489357796163 -36.798053278195 -27.489357796163 73.644065687578 25.237615430975 -36.798053278195 25.237615430975 181.229108894055|
|105|0.001039707748|338.406675227536 374.153867965631 347.698615083345|59.546322470764 -12.335943388185 -35.835835249381 -12.335943388185 51.856055760960 7.956627756008 -35.835835249381 7.956627756008 50.439447990429|
|106|0.002985270061|377.756051186731 413.989983043282 375.535719821956|22.409196282359 -10.527793817077 -16.499830949499 -10.527793817077 33.758865325188 -7.447441570694 -16.499830949499 -7.447441570694 101.716306858958|
|107|0.001643548745|405.397978091657 401.052243610789 459.631304884483|20.802938188601 0.929126487288 -1.068949203647 0.929126487288 12.502906933078 4.008456066687 -1.068949203647 4.008456066687 18.975857062935|
|108|0.002527075779|378.965389071415 319.191438931082 340.916298941843|21.726231780776 9.620371954661 -13.262019867965 9.620371954661 31.348096849542 -9.083450896884 -13.262019867965 -9.083450896884 46.921201676174|
|109|0.001942142602|368.975986080872 419.918309630267 382.231345325795|23.268341390445 0.804658119130 -1.305095236748 0.804658119130 15.312773690064 -2.382472420257 -1.305095236748 -2.382472420257 31.893273409310|
|110|0.008070452525|335.268118883966 365.415525295971 341.520273013384|50.678141904325 -19.295246543566 -25.637642311442 -19.295246543566 74.187005906570 43.069525662737 -25.637642311442 43.069525662737 106.506712902585|
|111|0.007166604875|324.441358721984 377.683157479291 404.945500225997|34.345310310920 6.585954384151 -8.252994554816 6.585954384151 40.558740628505 -48.845840284310 -8.252994554816 -48.845840284310 156.743396009842|
|112|0.002077865576|409.219705541563 370.916640418118 404.055515557842|14.425581833289 4.719842017395 7.209564604185 4.719842017395 84.098937814677 41.340037593385 7.209564604185 41.340037593385 42.843939500133|
|113|0.001786919612|375.719068851010 332.620832532001 333.265209617623|22.586458818783 -10.272535825745 -0.356813578983 -10.272535825745 19.354541776003 1.236719673427 -0.356813578983 1.236719673427 92.201481067954|
|114|0.000262446723|345.374605538432 356.523094376037 315.873912998472|73.662050275118 -30.654884501491 -89.258019003973 -30.654884501491 81.550191757939 90.513391088476 -89.258019003973 90.513391088476 294.687665815974|
|115|0.004535264610|392.786987076726 345.246464464135 266.685695192983|31.276480598259 9.505926062237 -10.116245651530 9.505926062237 23.263779364293 -13.949650276452 -10.116245651530 -13.949650276452 85.142486955971|
|116|0.003331796004|287.145952015103 333.795846284295 457.149170819434|32.729972455098 9.702927878505 -2.311465228820 9.702927878505 15.439049422799 -1.656066980766 -2.311465228820 -1.656066980766 20.731931735238|
|117|0.000097355568|373.807473123967 363.058096527995 381.917921748428|61.900097517500 -1.986918472336 -68.978060942289 -1.986918472336 29.159168776037 3.790447784035 -68.978060942289 3.790447784035 184.304794677912|
|118|0.001069989067|346.319428680321 358.693385578734 340.048400010135|38.056580777571 19.739891148798 -1.218732966503 19.739891148798 49.628648906131 7.436592866070 -1.218732966503 7.436592866070 22.324325240799|
|119|0.003828642027|336.946137763158 397.073599720882 382.508151838524|28.541352900182 26.086738794198 -10.820847968993 26.086738794198 78.788724274520 -9.533225965162 -10.820847968993 -9.533225965162 43.806474568701|
|120|0.003144657409|391.318096336014 374.197707110000 353.719754746113|21.613266243250 -13.231018438528 1.342969800986 -13.231018438528 50.442085822695 -22.117121087678 1.342969800986 -22.117121087678 117.492985532634|
|121|0.005292374000|345.339128894627 359.198238822039 368.410610202040|50.332996586483 -42.784614958946 -16.152714149532 -42.784614958946 174.896532435625 58.196507130633 -16.152714149532 58.196507130633 52.530578734790|
|122|0.003651431197|398.383097456336 353.060561448037 291.624187729706|26.185051101202 9.003848813998 -12.087749672297 9.003848813998 43.511216984218 8.380406498705 -12.087749672297 8.380406498705 45.171635492312|
|123|0.017718821556|372.777790453000 408.862950076454 329.080005573561|53.815294804925 -7.744914942712 18.317061240261 -7.744914942712 67.882138315705 6.250122359459 18.317061240261 6.250122359459 232.219980780385|
|124|0.004368800099|388.992887542327 358.447587735724 284.976216919820|58.430291669851 -2.580547492602 -20.977918962104 -2.580547492602 65.373957590200 16.755768467672 -20.977918962104 16.755768467672 161.287247226777|
|125|0.002632608050|386.600377984292 382.328991993099 418.542423032339|71.767640506412 -25.344574902323 7.689415727771 -25.344574902323 41.326668900641 -5.763467352110 7.689415727771 -5.763467352110 35.395523840358|
|126|0.000104204175|378.301719735415 364.341739638113 377.022932116363|73.930430456181 2.694270049396 -49.721116534318 2.694270049396 33.697350194037 1.783777987323 -49.721116534318 1.783777987323 92.510054774029|
|127|0.001707622333|356.361161151957 355.257308670102 310.285609360488|34.661232936560 2.689477959386 -24.525084538720 2.689477959386 40.735389945956 4.609344049066 -24.525084538720 4.609344049066 50.243567348472|
|128|0.001861114822|314.600681868046 367.955720773201 457.419657473940|15.658024414675 2.011967474973 -0.338551647757 2.011967474973 47.780960227508 27.159190788196 -0.338551647757 27.159190788196 34.793354965659|
|129|0.000011270578|375.678260601228 367.079391677586 363.724046330939|24.466560391273 13.240406911122 17.478618212102 13.240406911122 54.037460864289 8.538685587002 17.478618212102 8.538685587002 74.530747959798|
|130|0.002378908298|370.906837177956 408.675643517228 377.556220325939|45.121721104457 -2.413379161648 -9.391766869638 -2.413379161648 52.081756875879 -18.863011373993 -9.391766869638 -18.863011373993 108.027840937983|
|131|0.001031040166|338.884917096908 391.381782956528 326.828762726208|15.197258870918 4.923481053615 4.336812524693 4.923481053615 41.610132173082 -0.837017647325 4.336812524693 -0.837017647325 25.489429265333|
|132|0.013907458892|402.975148846940 371.298923066890 413.405211417724|40.148161406629 12.458958676929 3.651188950811 12.458958676929 102.617848256923 47.337705425307 3.651188950811 47.337705425307 74.741179106320|
|133|0.006325343068|299.135764449645 340.035416716368 455.055802007086|62.275510073334 29.022074230059 0.396823981166 29.022074230059 30.366844478354 -4.772005198873 0.396823981166 -4.772005198873 33.072409736138|
|134|0.004458538869|353.368553005705 338.627816630051 436.943735678182|37.469898130905 16.379261540249 5.995817627641 16.379261540249 37.740335477836 9.041884628881 5.995817627641 9.041884628881 32.710890200629|
|135|0.004358312391|363.613168654912 358.966927075924 263.079016805969|82.534260326502 -23.510824948025 -36.664456828599 -23.510824948025 111.054240012279 77.776091343243 -36.664456828599 77.776091343243 126.144539326007|
|136|0.016779382619|370.293807716973 325.567108531241 318.332918245106|42.441786276788 -8.469697424443 5.337199844522 -8.469697424443 50.521268075317 -16.679873890578 5.337199844522 -16.679873890578 210.825575363866|
|137|0.001393588274|344.292651345773 407.931722938961 348.499978507397|14.484726566327 1.486783945496 6.860956064818 1.486783945496 15.919879819121 1.732381306938 6.860956064818 1.732381306938 31.295087466511|
|138|0.013598393447|345.977105673352 342.590514862120 405.810008435127|34.708776039726 0.404864844866 -8.898382454907 0.404864844866 70.255362958851 20.021061528096 -8.898382454907 20.021061528096 216.241942980792|
|139|0.015919701848|373.327129728780 342.750760622191 229.812433971513|83.410438466235 -17.858401347519 -49.390955136056 -17.858401347519 59.170553734628 23.038793470652 -49.390955136056 23.038793470652 154.600059399963|
|140|0.000009754681|345.374662116350 356.523458479083 315.874064694107|73.663375156364 -30.655303787789 -89.259967967431 -30.655303787789 81.552238428209 90.514409113253 -89.259967967431 90.514409113253 294.689763840943|
|141|0.002137306900|371.688762398801 411.422684582309 265.725961702201|25.229265791306 -15.190976148966 5.529767584987 -15.190976148966 44.786025140871 -3.029158827616 5.529767584987 -3.029158827616 19.259143153322|
|142|0.003150940308|365.087461999988 358.432622099025 242.353621507974|40.801448265702 8.094936577298 12.705432908348 8.094936577298 17.536741610660 8.766657543834 12.705432908348 8.766657543834 56.252481083422|
|143|0.001595353498|325.052124218099 388.905607958750 380.961154912549|35.451975087475 20.678205885852 4.989238993934 20.678205885852 27.842292656976 6.221635962487 4.989238993934 6.221635962487 43.842836954893|
|144|0.002657944030|341.350285226711 408.845385247172 392.709742729206|17.553824829622 5.590261657344 -7.241850019549 5.590261657344 24.619215386396 -15.031960457593 -7.241850019549 -15.031960457593 45.961561144126|
|145|0.005131298803|389.478937700162 358.425742992182 283.437103657557|56.501786006906 -3.098905616323 -16.338197888152 -3.098905616323 65.356478648493 16.032525000759 -16.338197888152 16.032525000759 155.093961301536|
|146|0.004074197442|366.668722633335 421.904230360899 345.063241091508|22.145261633064 5.227076710900 2.914972762781 5.227076710900 24.235679938953 -17.036330957839 2.914972762781 -17.036330957839 137.838860591422|
|147|0.005754416573|399.700152059483 370.022114328621 473.089456593971|26.006143431645 -4.105041856586 19.680609162897 -4.105041856586 20.006261474657 -8.898068501818 19.680609162897 -8.898068501818 77.793237138132|
|148|0.002174911645|351.520695901639 337.963445029670 300.543505257525|50.928646959408 -41.620207565255 2.129584161274 -41.620207565255 68.341156664988 7.602911761001 2.129584161274 7.602911761001 29.053443629455|
|149|0.005226967905|369.988288805725 361.095753250001 353.386299527025|48.937981805851 47.518237153650 6.600040244462 47.518237153650 155.893846963969 -26.705425205510 6.600040244462 -26.705425205510 47.310399827446|
|150|0.004408436492|401.200868457599 358.340432254246 275.797449033284|16.593846135831 1.252846597141 7.428028746566 1.252846597141 40.898378262398 3.268513986492 7.428028746566 3.268513986492 82.522879334589|
|151|0.001158761054|381.412262938533 377.947128986929 366.161602016095|25.923170319526 9.544395723031 4.218312627461 9.544395723031 19.442366186937 1.063093132660 4.218312627461 1.063093132660 64.230092579441|
|152|0.003655299339|354.609188447542 409.759086340632 380.672694930281|76.900049016622 14.839619372593 -0.399715771637 14.839619372593 28.358305276692 5.079847526446 -0.399715771637 5.079847526446 32.756201060693|
|153|0.004463114236|365.129145258722 323.709041206739 379.736262091600|42.127985322702 1.902171779904 -31.787303533783 1.902171779904 55.426174665743 10.084378417538 -31.787303533783 10.084378417538 61.931213717617|
|154|0.001676251622|374.069569454141 396.693713411974 415.279199778126|25.980959551205 -2.150511031272 2.933726789692 -2.150511031272 30.747480625636 -18.027809931344 2.933726789692 -18.027809931344 32.598157208849|
|155|0.000881181392|334.645827199671 387.039182688854 351.786851256499|50.328763343699 20.991012637489 -12.217429163997 20.991012637489 24.900925320660 -3.204729035962 -12.217429163997 -3.204729035962 15.164983182680|
|156|0.001202301407|340.408942149926 333.276060186872 385.753068039500|16.720300161149 -6.133793400237 -8.467833420058 -6.133793400237 31.178396462070 1.210149819119 -8.467833420058 1.210149819119 28.677102551417|
|157|0.001025788527|368.555416190566 356.085484207408 415.482788622834|25.925710646203 12.678890711715 10.516674204584 12.678890711715 23.401369202111 17.870284922945 10.516674204584 17.870284922945 42.416028230160|
|158|0.003367735240|379.719390723563 387.312738451611 264.397130392212|23.739831566782 -8.500351742667 5.146510095990 -8.500351742667 44.472134751501 -2.652166624714 5.146510095990 -2.652166624714 24.847644845810|
|159|0.001053821994|368.568650685801 338.219019275334 377.860591606563|22.562421672512 -5.822970328984 2.761436768807 -5.822970328984 21.039134261984 -8.207063929993 2.761436768807 -8.207063929993 23.480556221039|
|160|0.005736372609|317.805093449023 355.591576719078 452.176692358210|37.178919390542 17.352626611668 -20.023261948314 17.352626611668 52.336774645068 -44.195250059420 -20.023261948314 -44.195250059420 99.628877625219|
|161|0.002629141333|323.172917864413 378.189465552969 463.118933807842|39.981596776153 -1.047408834391 -2.508429433277 -1.047408834391 14.922711488645 -3.227553833451 -2.508429433277 -3.227553833451 20.755869193177|
|162|0.002460351321|304.316436782654 334.958827133828 430.238434988806|25.618996108475 7.588369307836 -4.255494706842 7.588369307836 14.918471029188 -2.097549443308 -4.255494706842 -2.097549443308 14.316796341154|
|163|0.007845374159|387.638839338706 368.609168483440 448.938001985141|47.189920089295 3.991078423773 30.127004502341 3.991078423773 28.382377669244 10.936778001196 30.127004502341 10.936778001196 63.706055456394|
|164|0.003737337447|380.475448742590 330.246967023606 203.896676224135|39.467321028729 -5.585815431274 9.511238548585 -5.585815431274 42.927114398641 -10.784789566722 9.511238548585 -10.784789566722 24.695317538099|
|165|0.004208458259|349.654214010573 364.164449421110 374.964812034730|105.166513797885 -6.003809376562 88.881334893522 -6.003809376562 32.306753664336 -8.842542999599 88.881334893522 -8.842542999599 133.786012959026|
|166|0.003753247472|375.647314754263 420.048067026522 347.409301870008|32.158649780438 -15.558661430492 7.205404832028 -15.558661430492 26.815765152831 -15.393657061097 7.205404832028 -15.393657061097 172.011508590440|
|167|0.002209162659|355.408683033851 358.169545030339 390.536639786571|67.454863272855 26.132889757049 28.703202015487 26.132889757049 46.490239234612 -12.668546097993 28.703202015487 -12.668546097993 89.734278141870|
|168|0.001753233917|323.219585037934 370.792872428425 348.713678062406|14.182252367260 -8.869168483492 -11.897290884532 -8.869168483492 39.783226115396 33.247432530596 -11.897290884532 33.247432530596 75.377443822115|
|169|0.001367657757|393.081761678137 379.916747567559 320.122165212362|22.659683725185 -12.731631271570 -1.123224071998 -12.731631271570 87.898652207892 63.725455095060 -1.123224071998 63.725455095060 86.888052266193|
|170|0.003758260707|355.293583832750 392.812405630220 292.774055276473|47.189894175448 38.560236124118 -23.108423846526 38.560236124118 119.847638354549 -42.794293541374 -23.108423846526 -42.794293541374 145.107396370979|
|171|0.004033961966|342.191282935184 378.448979872901 378.280784781740|54.005331558146 -30.179232601047 -4.098444582036 -30.179232601047 66.574464032281 -0.454449141427 -4.098444582036 -0.454449141427 21.666648420243|
|172|0.004274562035|369.622818102584 394.935320511032 267.665737454690|58.211656527652 -29.398677008925 -7.401091106833 -29.398677008925 126.301802363072 5.146262697352 -7.401091106833 5.146262697352 29.739613470898|
|173|0.002250449576|393.657043632827 372.758437353613 443.909362037677|20.640166745288 5.471248367161 1.243872195540 5.471248367161 33.117893475428 -13.410823174403 1.243872195540 -13.410823174403 66.294809136103|
|174|0.003713050840|345.761209708839 342.286027944812 283.938432827870|27.328760044402 -17.201017180676 -11.257542343155 -17.201017180676 41.491252315245 10.804660890775 -11.257542343155 10.804660890775 74.884454271523|
|175|0.002674691742|372.052172363440 410.925987478257 361.694869348171|47.661814385210 -5.047602879902 -6.100775404426 -5.047602879902 53.357510736940 -39.225137645233 -6.100775404426 -39.225137645233 256.671981173669|
|176|0.005625066180|344.886616285122 336.831770417502 427.244406102220|31.881758537216 -2.574733142566 10.730503958766 -2.574733142566 32.029118420367 4.556307521212 10.730503958766 4.556307521212 73.743210540473|
|177|0.005919566656|342.049317849443 358.749305070270 285.860989166591|16.607941003254 1.262725130451 -9.485131394205 1.262725130451 65.206654812588 -7.568858280123 -9.485131394205 -7.568858280123 96.018681908681|
|178|0.005035016968|411.110291937927 399.131136880239 448.236401526043|32.584761260310 1.651369505475 -11.615628340805 1.651369505475 19.284250290686 8.886836028571 -11.615628340805 8.886836028571 53.817455292010|
|179|0.002734403095|361.032202609753 381.156853449923 262.360015950997|67.432035349702 37.771979383979 -10.616254914101 37.771979383979 60.632362047560 -4.853419333784 -10.616254914101 -4.853419333784 15.181034305206|
|180|0.003792529079|356.629314192064 340.749496168609 352.252695053776|57.236659790404 -4.868337940425 -19.517164144796 -4.868337940425 47.675147728951 33.802556300187 -19.517164144796 33.802556300187 85.211460486593|
|181|0.002162230918|353.119436537780 320.397547138374 381.817063644495|56.559157595795 -35.226800140881 -24.798288296413 -35.226800140881 44.435504531953 12.988406705263 -24.798288296413 12.988406705263 44.341561802255|
|182|0.000007731885|364.025453017006 381.129445028644 336.861766818092|135.078888335935 13.404101718246 36.708380457101 13.404101718246 131.989773321751 -30.547081534110 36.708380457101 -30.547081534110 71.307327836883|
|183|0.010514490854|331.567452242895 348.537411868485 473.462123365711|110.135443277279 11.582208706590 47.870200589852 11.582208706590 38.883194833048 13.338244587620 47.870200589852 13.338244587620 75.922407806211|
|184|0.001124446448|364.807805627805 400.708682268161 377.570863422949|39.432961819926 -15.703670649556 3.573132587131 -15.703670649556 20.920085969527 -7.448368523474 3.573132587131 -7.448368523474 29.869030578324|
|185|0.001050635264|338.054087300900 352.135210295027 366.434207534481|24.881547977740 -26.636485340743 9.495032416176 -26.636485340743 57.383341300272 -15.685440434827 9.495032416176 -15.685440434827 29.164108303608|
|186|0.001980697983|338.377189037436 350.556389397116 325.356745086546|28.107030787709 -5.497491586822 -10.610723281774 -5.497491586822 21.671373834208 -6.579189785596 -10.610723281774 -6.579189785596 63.454770387412|
|187|0.002108258994|383.619217188721 359.179314551368 356.560054761904|51.816418897361 7.634797000996 5.335204258590 7.634797000996 17.677241115904 2.561570832288 5.335204258590 2.561570832288 118.943858753293|
|188|0.003567220071|395.506963466473 368.437166410000 286.353408823036|36.420276914636 -11.676008167124 -13.100626299492 -11.676008167124 21.755671189225 6.466604331130 -13.100626299492 6.466604331130 84.284978677257|
|189|0.001674515450|355.683482981024 331.067537159721 280.884061099218|36.862338197243 -14.431290463690 17.446797991259 -14.431290463690 23.734797512283 -21.834187982196 17.446797991259 -21.834187982196 58.896987315107|
|190|0.003319057661|341.779744679101 403.431660476801 420.915922811593|16.104206814416 -4.317792109709 7.747308144055 -4.317792109709 21.167283200688 -15.378060066199 7.747308144055 -15.378060066199 51.739514942456|
|191|0.002028674377|345.858300858634 397.859932666307 342.494421308952|18.401411267711 -9.022390278813 -0.523432116082 -9.022390278813 42.634856973571 12.046874199004 -0.523432116082 12.046874199004 51.677242201142|
|192|0.004992797121|369.441964351226 325.580677809114 334.420238601931|45.637271628919 -7.997563302764 -15.270526700260 -7.997563302764 49.670429964783 -2.574084157735 -15.270526700260 -2.574084157735 294.154106469752|
|193|0.006692146588|376.348830583888 368.387583255849 434.940872536629|196.717510392395 108.462668468681 5.415495331195 108.462668468681 100.934700982616 -2.242513441277 5.415495331195 -2.242513441277 33.347534015600|
|194|0.002613741541|346.570346029636 379.046579197531 281.860526912688|25.677224382511 33.733857144107 -9.303048659523 33.733857144107 122.064425366960 16.707874131069 -9.303048659523 16.707874131069 73.568956371499|
|195|0.006272374897|335.784089925190 388.374465499479 441.435398656892|41.877344032138 18.511826797956 -39.163679565332 18.511826797956 50.753422102833 -52.058982293296 -39.163679565332 -52.058982293296 97.124438451079|
|196|0.016441880581|373.853455108949 397.139514833897 399.319859533757|39.965486282948 -21.603522593854 30.947137082199 -21.603522593854 100.180439884018 -85.695881947118 30.947137082199 -85.695881947118 179.155090064160|
|197|0.002120192459|316.452551273472 347.998608428499 478.978839730492|41.702137542321 21.303440317410 -1.904363824200 21.303440317410 31.744974489033 -4.891726218921 -1.904363824200 -4.891726218921 15.720628306357|
|198|0.004328207057|369.016593594172 413.669644607659 279.091735639730|38.408773545816 -13.718243733863 15.252541621812 -13.718243733863 29.170435949054 -15.831691690299 15.252541621812 -15.831691690299 86.969381718867|
|199|0.001650922921|364.189291584090 360.376199618363 303.464149502550|80.256365870737 -15.845674631244 -9.156830080377 -15.845674631244 35.246339140183 0.160135428232 -9.156830080377 0.160135428232 28.003484968503|
|200|0.003170541306|375.529860830964 384.083770294764 416.744361933353|32.387520486081 4.822132535803 0.327625619306 4.822132535803 75.144055266050 -27.229328829184 0.327625619306 -27.229328829184 57.954050352477|
|201|0.002452621833|356.367221255851 330.226503710270 337.077149080697|50.838463787324 -29.718801912357 -68.072986816260 -29.718801912357 46.423735547520 49.752148516010 -68.072986816260 49.752148516010 156.795381857184|
|202|0.001963732157|359.878374266399 413.980641554370 284.711374397136|20.338812951450 6.197611752810 9.059402402097 6.197611752810 27.003138238360 -25.002996099967 9.059402402097 -25.002996099967 124.714010423340|
|203|0.008374581673|390.253919990448 358.405417268412 280.831698605239|53.831273883407 -3.762569967919 -8.421299543581 -3.762569967919 64.940899279478 15.692202533115 -8.421299543581 15.692202533115 143.885368744115|
|204|0.016612014018|359.591591488666 375.627397803588 273.811371759724|68.427365950556 31.230650087557 -18.678784281961 31.230650087557 213.783760680904 5.601383356261 -18.678784281961 5.601383356261 63.532707269958|
|205|0.007111944399|400.085640992243 348.479795436225 394.767849889323|34.080859252106 15.990690514300 9.030621841637 15.990690514300 78.032388383595 60.665609034972 9.030621841637 60.665609034972 110.426877887861|
|206|0.001158216421|341.814525415075 397.939580799358 324.697591044868|22.812229181320 6.685962296033 1.699577700099 6.685962296033 20.685986565979 5.468671084425 1.699577700099 5.468671084425 24.221493059187|
|207|0.007988988095|373.569182661725 417.500843941995 312.622460693585|30.378683997609 -12.234044203593 -8.831176242908 -12.234044203593 37.713631614170 40.133164295694 -8.831176242908 40.133164295694 156.880957477362|
|208|0.003363197439|373.412329385295 349.216319782517 210.572882503260|24.243034339801 8.770241831502 -2.591294938131 8.770241831502 62.359823628052 43.043785410555 -2.591294938131 43.043785410555 62.229350507412|
|209|0.000240428824|369.173726993444 357.560344438112 382.385260871176|58.405587887624 -0.188817326416 -16.109016910923 -0.188817326416 3.125759047180 -0.108877679653 -16.109016910923 -0.108877679653 28.866101709486|
|210|0.001762122983|392.966058393930 362.793812458350 357.431692713972|18.838145643182 5.677330811945 0.794934930629 5.677330811945 23.270102734008 -4.510285425567 0.794934930629 -4.510285425567 80.620371078476|
|211|0.001070747236|387.646888420863 333.864458863680 232.042565420335|23.656662899506 -13.677139472537 -9.982793179763 -13.677139472537 27.845300354093 6.591473887456 -9.982793179763 6.591473887456 16.491512054527|
|212|0.002190633108|392.539270744207 364.057773911506 326.395314987764|22.273137675045 10.741131650488 -19.225310019916 10.741131650488 33.407768576581 5.328125864107 -19.225310019916 5.328125864107 188.380170667268|
|213|0.003248048630|374.796997180206 313.417865560730 316.269389366113|19.115068497602 -0.445738463270 -4.180978065153 -0.445738463270 15.954556636236 -0.162822576429 -4.180978065153 -0.162822576429 86.612964798638|
|214|0.000562695884|360.646328608393 360.717484341621 410.841973497063|93.352250883865 57.265555691323 28.666781555803 57.265555691323 89.092087996381 33.158183047519 28.666781555803 33.158183047519 72.012986914866|
|215|0.000374150014|397.859870336874 362.392201564620 358.055521181749|8.362010984012 2.375433683774 -0.262609466183 2.375433683774 14.767294485238 -2.309875473671 -0.262609466183 -2.309875473671 18.583249428964|
|216|0.004110706071|369.043698679028 363.000817311584 401.502225775143|32.408276960661 -0.584013275889 -13.676745221426 -0.584013275889 36.153760175162 -4.913117013086 -13.676745221426 -4.913117013086 128.570410894987|
|217|0.000052076971|378.301321170256 364.341180748620 377.023073604896|73.931683796545 2.693060503254 -49.722522465658 2.693060503254 33.694911514642 1.784268952499 -49.722522465658 1.784268952499 92.512587578880|
|218|0.008922184843|355.609359880604 329.805071768387 383.545586901859|75.823432088713 -24.409541124376 -56.451762037817 -24.409541124376 66.363809475894 26.188770087800 -56.451762037817 26.188770087800 125.596620346099|
|219|0.005031537586|386.842742641520 403.158077554222 347.114027161371|28.627484941331 -14.478154741024 -26.139562499069 -14.478154741024 59.147488639457 21.593966081098 -26.139562499069 21.593966081098 76.978226854451|
|220|0.000913702611|345.374568853362 356.522858287685 315.873814630334|73.661191147097 -30.654612573082 -89.256755177819 -30.654612573082 81.548864596654 90.512730825780 -89.256755177819 90.512730825780 294.686305207550|
|221|0.002876604480|372.870964484607 333.863589193328 211.245579940706|21.536274590559 -13.760291563769 -5.180278754560 -13.760291563769 41.727638285258 0.637720141152 -5.180278754560 0.637720141152 68.609084939097|
|222|0.008706940961|381.203977273369 353.501802871240 258.659929924796|109.864973640710 14.931653612672 55.422742648487 14.931653612672 51.812899977915 20.930297194936 55.422742648487 20.930297194936 96.672294583841|
|223|0.000735836372|383.830294035790 355.171390848701 333.451167140860|28.689824627072 7.479195105116 8.568033689618 7.479195105116 13.734486094763 7.180770538907 8.568033689618 7.180770538907 44.881196248403|
|224|0.003814558580|348.855718667169 363.911647659253 266.168085706147|24.584239237098 6.355042107520 -7.901462120542 6.355042107520 68.389759534213 2.142542136542 -7.901462120542 2.142542136542 26.850872498078|
|225|0.003447742580|345.374642811153 356.523334280989 315.874012961167|73.662923230178 -30.655160795548 -89.259303179555 -30.655160795548 81.551540308559 90.514061920898 -89.259303179555 90.514061920898 294.689048268250|
|226|0.003143641085|354.204389666891 388.014627762788 292.358365591626|47.952522406165 42.120878533984 -21.437012561510 42.120878533984 146.424646771542 -31.917297744134 -21.437012561510 -31.917297744134 142.846138468303|
|227|0.006454931755|368.022717563790 356.679689330373 405.205396693598|203.994442517549 -46.498446646146 -63.993696433434 -46.498446646146 38.038100913589 18.358845613635 -63.993696433434 18.358845613635 51.127706969419|
|228|0.002602931903|390.558116134852 316.003084580865 366.184151309642|37.381393601681 -7.991867617777 -1.630844391562 -7.991867617777 29.268183134467 3.258102499371 -1.630844391562 3.258102499371 13.932907705253|
|229|0.002909229624|346.203441481796 390.070385005104 321.007336769011|35.742934354566 1.482452189783 -4.911848934047 1.482452189783 46.464034424920 21.372522825215 -4.911848934047 21.372522825215 73.004957488971|
|230|0.001317693774|382.689633627899 379.771453261019 436.829477860569|44.638298426609 -2.291545954475 28.937020310812 -2.291545954475 26.847080036969 -32.129329807620 28.937020310812 -32.129329807620 89.096386592399|
|231|0.004476518368|372.115574324884 334.295287546481 236.722042775260|63.985135986644 -12.420795284983 -20.167868137956 -12.420795284983 20.227156052424 14.100565338624 -20.167868137956 14.100565338624 65.472586019750|
|232|0.011029235155|388.236962518379 342.881599171037 212.322055426982|71.116283365031 -19.272259536665 -18.065000059738 -19.272259536665 64.576983567953 29.014198300923 -18.065000059738 29.014198300923 54.622438756283|
