#|num|weight|mean|covariance matrix|
|0|1156.69358156|30.4910521554 -8.86809502124 -4.92816284031|14.1881113627 -3.44331059658 18.8736870478 -3.44331059658 13.2552796258 -15.4077407841 18.8736870478 -15.4077407841 108.036726672|
|1|1271.49817479|33.8234742802 -11.5641785846 35.585590465|27.8425918407 0.740564768565 5.54316722528 0.740564768565 13.5527930638 -1.39656967495 5.54316722528 -1.39656967495 24.157891563|
|2|882.928379218|28.0602523287 -3.81304000129 21.68090435|15.5409950035 -8.26189522362 16.5053425612 -8.26189522362 30.2614996469 -31.3137421077 16.5053425612 -31.3137421077 98.7962649942|
|3|1248.38797307|25.3704055083 2.92266545215 -6.81855894876|11.6980759937 1.78857048608 -7.39175738533 1.78857048608 12.3935366788 -6.51404539048 -7.39175738533 -6.51404539048 44.0152289973|
|4|1053.54070146|31.0553940405 -10.3439786853 16.9757271764|14.7887803948 0.363176893127 -11.1143316183 0.363176893127 12.9453890017 -3.63010166282 -11.1143316183 -3.63010166282 100.383395282|
|5|868.119345093|31.8422427542 -10.2377199232 10.466833484|13.7339881751 0.297989520993 -4.5125186179 0.297989520993 11.2673940062 -4.11054939562 -4.5125186179 -4.11054939562 93.53108717|
|6|1033.03433889|29.2859734753 -7.41596750608 27.9936289671|14.5090451972 -4.83566648276 10.47481857 -4.83566648276 28.9834213862 -18.8624249123 10.47481857 -18.8624249123 63.9032264212|
|7|1039.77634463|28.0944132691 -5.19186516435 -19.6521131212|9.70359862749 -0.0403509325619 2.27337451504 -0.0403509325619 15.9958408051 -5.17577343997 2.27337451504 -5.17577343997 30.4820953387|
|8|1187.98186128|25.757146517 0.609941974163 11.420722954|12.4097004008 -2.61643891821 9.72388444806 -2.61643891821 14.3399539103 -10.3377597621 9.72388444806 -10.3377597621 71.4175016322|
