#|num|weight|mean|covariance matrix|
|0|348.946357737|33.4820507494 -12.1176584863 11.2121377015|47.3561708379 54.3640433288 52.6642226788 54.3640433288 220.508471712 157.522076603 52.6642226788 157.522076603 180.359250518|
|1|474.275057632|46.6642650515 13.2927078798 33.409969842|70.483167748 65.7968246323 34.1922805261 65.7968246323 168.76835994 75.8113755883 34.1922805261 75.8113755883 74.7967624557|
|2|3815.20428983|26.7498441713 -47.0679005264 -19.0624766652|47.1382811557 -4.81300458556 5.94537467304 -4.81300458556 36.1965553982 -10.0709036073 5.94537467304 -10.0709036073 32.8277846379|
|3|378.073038193|39.6298815028 1.58492637233 22.8710799258|69.83992826 78.2906885346 77.1260934701 78.2906885346 216.215732447 163.212550765 77.1260934701 163.212550765 180.228386692|
|4|227.243346474|57.4496566131 36.1021287829 42.7417435975|35.6386962263 11.8947323839 -6.7923355975 11.8947323839 69.9856993428 1.13460811987 -6.7923355975 1.13460811987 59.1584424982|
|5|700.036986126|30.6203025405 -22.1791082768 7.49582998689|29.0730314732 17.1001376653 11.5857937916 17.1001376653 106.716703482 77.5809722065 11.5857937916 77.5809722065 134.854504515|
|6|642.869367244|44.8348609234 9.73832808585 31.7474054614|71.2642000788 67.7048585691 39.0855217606 67.7048585691 172.104303628 81.8419855858 39.0855217606 81.8419855858 80.4469790106|
|7|1466.28203618|56.7607803566 33.8712164719 43.916009908|34.8177159242 9.92748340084 -4.42413950597 9.92748340084 69.7166347567 7.77752914962 -4.42413950597 7.77752914962 57.7139410324|
|8|3285.12836333|32.2860007092 0.409182920139 8.94239052018|33.0560910586 -1.40435014991 10.6150140773 -1.40435014991 53.453206706 8.06868513668 10.6150140773 8.06868513668 31.2156195185|
|9|857.727197331|32.1207854752 -29.6309682005 -5.03074825019|37.9852945777 -3.39239531755 -1.14964599608 -3.39239531755 67.1818331587 27.7794134679 -1.14964599608 27.7794134679 69.4047731703|
|10|2598.90425375|30.8927023459 -2.74259725453 22.9980175589|25.5664477906 23.2418345834 23.0807093534 23.2418345834 102.952118495 16.2748847902 23.0807093534 16.2748847902 67.4660095086|
|11|660.485189661|42.9506196923 9.64542725028 31.078550398|63.8786546434 49.6994608973 48.2196518896 49.6994608973 144.251536765 90.8095849073 48.2196518896 90.8095849073 102.083883908|
|12|412.151676448|30.3238349557 -20.5588223314 2.09727453625|31.9323842062 15.8508433171 19.9062129962 15.8508433171 168.481663626 110.395667948 19.9062129962 110.395667948 140.566961416|
|13|813.205353433|31.3239317753 -34.3451292718 -10.3399046336|40.5633921863 7.5950466013 8.58499943513 7.5950466013 77.0263479659 28.131141215 8.58499943513 28.131141215 62.8700038063|
|14|792.72031388|50.4256419842 20.6582567384 39.6296456086|48.8443503549 28.8076103127 23.3355314275 28.8076103127 104.935103988 58.6396186732 23.3355314275 58.6396186732 75.4073048201|
|15|2354.99979563|61.4361278772 49.8029656671 33.0346624429|34.1762060799 8.89009039351 5.64004590284 8.89009039351 25.9974450308 11.0954622895 5.64004590284 11.0954622895 32.6535177604|
|16|648.872448507|39.4659405205 -0.741231314877 26.4295885688|54.2677598083 39.8315287718 20.9063890776 39.8315287718 111.036370196 41.0631020459 20.9063890776 41.0631020459 61.1295685211|
|17|784.782489113|33.2425751139 -30.8751643007 -5.84902793911|38.3190368652 -1.69602486203 -0.763802034778 -1.69602486203 64.8182499006 22.3766046756 -0.763802034778 22.3766046756 57.2070184017|
|18|282.560680339|33.5559928214 -9.56619344235 11.1715734937|47.8841414114 52.3676998746 55.6429233052 52.3676998746 220.540177714 161.729850985 55.6429233052 161.729850985 183.794655731|
|19|818.566037667|36.3688734277 1.50639359866 27.4110662281|41.8917132683 27.8830458688 21.4400226546 27.8830458688 116.928726589 31.0929433349 21.4400226546 31.0929433349 54.8375351067|
|20|996.081406166|57.746441018 31.6181625262 40.0593369128|34.9535357506 19.0842295852 -0.472289098681 19.0842295852 97.6497406497 15.8022329532 -0.472289098681 15.8022329532 57.499184031|
|21|1505.43184875|56.395795449 31.1824268818 42.491425426|35.8534579807 13.2592752018 -1.48645814122 13.2592752018 82.4520462915 18.6594253176 -1.48645814122 18.6594253176 61.4426844811|
|22|2051.17505011|57.8377488112 44.2345849923 43.4752297904|33.6476030162 5.51803926501 -2.0944647127 5.51803926501 31.9920264651 -10.1521679497 -2.0944647127 -10.1521679497 59.2410007233|
|23|795.544267902|53.8670729289 24.9592326412 40.5142850871|40.2397452479 20.6400217599 7.81670655767 20.6400217599 97.9553628648 39.7359313509 7.81670655767 39.7359313509 67.6418679312|
|24|1322.89535366|33.5840233759 -37.1409168371 -8.95501208722|37.2025569055 13.8272306725 3.69145699505 13.8272306725 70.3413971395 24.104739386 3.69145699505 24.104739386 53.0261989919|
|25|2721.73546533|29.6722854411 -23.2141469314 14.5743415715|23.8112358619 19.0200789172 9.81790464556 19.0200789172 68.8392232471 47.3757904113 9.81790464556 47.3757904113 79.6565943574|
|26|655.737987071|30.8424633192 -29.1778182004 -6.96469827359|36.7327033174 -4.54387802201 2.32715924809 -4.54387802201 71.9109907831 27.0791609804 2.32715924809 27.0791609804 63.0975104877|
|27|520.835219666|43.3020115251 7.18653853024 29.5089929093|71.1298062595 68.4830270536 49.9720704727 68.4830270536 175.37669107 100.79963179 49.9720704727 100.79963179 104.527717372|
|28|664.612205227|51.0155705188 21.7136537781 39.7810759811|48.4742484006 29.7860081596 20.223497965 29.7860081596 107.884839486 55.539793548 20.223497965 55.539793548 73.0233440727|
|29|590.161692999|34.289517836 -3.70286077753 19.7934117215|41.9080219285 15.4906756205 21.8035908931 15.4906756205 86.3266866346 22.9880939959 21.8035908931 22.9880939959 83.1022160282|
|30|433.283532118|39.5836291037 0.378578326936 22.9971302325|67.7468134636 77.6213772955 68.9762456168 77.6213772955 214.02380656 149.762426835 68.9762456168 149.762426835 160.775354631|
|31|966.02313846|30.2436995704 -39.6753012851 -13.9149594547|43.8247687985 10.7462653986 8.97339503523 10.7462653986 50.3454919943 10.2293567572 8.97339503523 10.2293567572 54.2964602476|
|32|760.832025668|44.3465478727 11.1457951917 32.8716452097|65.5135605714 54.6961340114 43.7678033001 54.6961340114 153.212148432 86.2219682411 43.7678033001 86.2219682411 89.9587030949|
|33|497.156782683|30.2643799581 -24.5282386928 0.271968914961|30.6911454605 5.75029181891 8.36351226536 5.75029181891 123.901845839 83.9136124848 8.36351226536 83.9136124848 132.360527348|
|34|2442.04523279|58.6849063335 25.6815833541 35.5599988226|27.2322141307 29.4326698936 6.2699442679 29.4326698936 104.891864053 6.72896814833 6.2699442679 6.72896814833 38.5152259065|
|35|493.933101029|46.7383723121 12.5611439499 32.9865726486|70.7431408961 67.5284207504 34.1773015573 67.5284207504 170.385064059 75.964775675 34.1773015573 75.964775675 75.0447211493|
|36|417.038607339|33.149524625 -7.27706546392 14.6948953152|40.5135310729 28.7141314225 31.3415344295 28.7141314225 144.528344739 79.440309679 31.3415344295 79.440309679 115.271416711|
|37|587.0684649|31.8405445485 -29.0134949007 -6.47262273622|38.9875232875 -6.39274736367 1.53910088517 -6.39274736367 64.4697369334 21.9837272617 1.53910088517 21.9837272617 58.08449161|
|38|643.950397454|38.5429044603 5.08562645653 23.034238329|46.2830086363 15.1109350961 32.7742117312 15.1109350961 88.0749797777 55.4371951239 32.7742117312 55.4371951239 96.3355844084|
|39|411.154361883|46.7509850189 14.1389085214 34.0914713913|68.3067685683 60.7790045528 35.1776995118 60.7790045528 160.451778357 76.6370007775 35.1776995118 76.6370007775 77.7873524284|
|40|838.71858029|31.6715487046 -31.2298792359 -7.38108904177|38.5726165463 -0.91141832582 2.80154677361 -0.91141832582 76.0153885953 29.0763509672 2.80154677361 29.0763509672 64.7489457067|
