#|num|weight|mean|covariance matrix|
|0|780.226881255|16.2440345067 0.452741270071 32.5934525568|79.327073419 -1.23524512371 -31.3339052266 -1.23524512371 10.5860444953 0.413193861235 -31.3339052266 0.413193861235 23.9729463161|
|1|1487.08240344|-26.9333972297 29.01952948 60.8159774674|32.1293591675 -19.9695059233 -7.69404720186 -19.9695059233 31.4136021571 10.302091475 -7.69404720186 10.302091475 14.4026868774|
|2|1413.72496126|37.3157529639 3.5680697515 24.4056540253|80.966275609 14.7120890306 -22.5954066034 14.7120890306 13.216127752 -4.49362378661 -22.5954066034 -4.49362378661 16.8431231383|
|3|727.460707966|-10.53441896 11.8346940783 48.28850773|46.0008917912 -30.5027517566 -29.8808043551 -30.5027517566 39.5487172037 26.6521299985 -29.8808043551 26.6521299985 37.3891363732|
|4|812.490989572|25.3829018386 1.34272069899 28.7219008391|103.085081234 14.7418077831 -37.0684047038 14.7418077831 12.7121524773 -6.04353703081 -37.0684047038 -6.04353703081 24.9712970851|
|5|894.436471423|4.74225819407 2.23866175426 37.7390627863|59.9387341921 -16.8359869459 -23.2136215546 -16.8359869459 16.3329505837 7.69198793607 -23.2136215546 7.69198793607 19.839818348|
|6|1041.37506153|-15.5200533856 16.7729597113 52.514558343|41.9135034514 -33.6751406279 -26.1960135128 -33.6751406279 48.5237597278 28.8158857381 -26.1960135128 28.8158857381 33.5247950648|
|7|663.445174217|-5.48178136317 7.55536139849 43.8826195971|49.7143585945 -26.3335107176 -30.3033499115 -26.3335107176 29.9874810844 20.2162939006 -30.3033499115 20.2162939006 34.340681421|
|8|1393.20404933|55.6557254883 6.05938786996 12.0388618838|24.9339367856 -0.0532158974636 -20.3627952991 -0.0532158974636 10.3864327804 1.12435470203 -20.3627952991 1.12435470203 35.5203215821|
