#|num|weight|mean|covariance matrix|
|0|609.748202627|10.6097342371 37.4849310982 7.0643028183|40.9794014169 4.76653113429 14.2773375131 4.76653113429 36.3646179628 14.3175789426 14.2773375131 14.3175789426 89.6747799496|
|1|650.598480079|8.70182921457 36.2535447847 -3.84316908435|42.0662552242 1.92707182579 28.6143246378 1.92707182579 36.3111094477 4.52659530707 28.6143246378 4.52659530707 124.491295288|
|2|1751.11177043|22.9895854083 51.3196304435 42.390872627|16.9411807853 4.90637855908 4.13708842599 4.90637855908 21.30529559 10.8559525086 4.13708842599 10.8559525086 73.1708149954|
|3|573.01849535|14.4094684334 41.8542362074 8.27436322672|54.687353184 19.1487680001 36.9782968471 19.1487680001 47.2975711331 31.45373591 36.9782968471 31.45373591 132.56022052|
|4|626.496576641|15.3997870871 42.2480484583 11.6979568457|52.4008642542 19.490410174 29.6960661736 19.490410174 50.4746353459 34.0294193108 29.6960661736 34.0294193108 112.152927683|
|5|606.233360633|13.0567925818 39.5326350019 3.82189327716|50.0062766967 14.762935275 32.8783156834 14.762935275 46.359584 20.8214204981 32.8783156834 20.8214204981 123.144016731|
|6|1904.14830838|15.0807864665 51.8620557972 38.4383574409|15.2057837134 -1.34088964534 -7.02979830031 -1.34088964534 36.6595588764 0.811548921624 -7.02979830031 0.811548921624 35.5179451432|
|7|1904.2238329|8.12105870068 33.7407162873 0.951889181007|34.4273959899 -3.4975922404 16.4640085537 -3.4975922404 25.8014011343 11.7181286027 16.4640085537 11.7181286027 117.641112119|
|8|1852.43341748|0.617445190193 42.1142728265 -16.6034418685|23.39006251 13.2634458765 3.21643362412 13.2634458765 34.972265983 -2.59752597404 3.21643362412 -2.59752597404 36.4711283983|
|9|881.610078769|12.565595851 38.1868929084 9.35189318101|43.0332196607 6.87291285253 9.08308713283 6.87291285253 38.2087065169 11.3752289171 9.08308713283 11.3752289171 70.1751371914|
|10|668.087396656|18.4424395555 46.5154446012 15.7288997456|40.0885419572 8.87936648866 24.2144746868 8.87936648866 38.100733001 30.3335774586 24.2144746868 30.3335774586 138.735663179|
|11|1770.06673817|23.3321858685 49.7331030468 20.5446323689|38.5406021139 2.82220939975 12.3236459304 2.82220939975 28.1978260882 20.375876398 12.3236459304 20.375876398 71.26453742|
|12|899.821054765|21.3444935601 50.4158877064 25.93188356|34.1848292238 -0.688886375903 1.51009250667 -0.688886375903 30.3717176736 18.7034320457 1.51009250667 18.7034320457 99.8947423862|
|13|584.430225715|16.080792893 44.3627040887 5.13579963025|45.9342196541 6.43867674062 30.5808461359 6.43867674062 28.8709128979 8.63094655771 30.5808461359 8.63094655771 118.683497228|
|14|661.707356386|16.8335563254 42.4661909789 10.9787143956|50.3447828226 17.1064207526 25.7924928284 17.1064207526 47.3234782624 27.3873225955 25.7924928284 27.3873225955 99.3144805149|
|15|1162.91642941|4.85159865024 36.228471597 -14.3927451293|34.9617601656 -1.9877456576 5.42403598791 -1.9877456576 35.6109309821 -7.03569968761 5.42403598791 -7.03569968761 54.191580028|
|16|1192.37535507|4.27903530492 36.0467163734 -6.98832315009|32.2016317958 -2.2631046567 23.505823664 -2.2631046567 27.5420362537 3.40351948962 23.505823664 3.40351948962 144.420645876|
|17|514.123429495|19.0461174897 49.087733962 28.8637610338|29.9366970921 6.00790038583 22.3948731478 6.00790038583 34.0439551674 24.8050708431 22.3948731478 24.8050708431 141.716375004|
|18|2381.79985812|15.0046288631 44.1727678515 -12.1997172516|17.2578808293 7.54669681984 4.37295005361 7.54669681984 27.7500312051 7.19435697908 4.37295005361 7.19435697908 60.9522650252|
|19|638.496322935|17.536938578 43.8176250933 15.2323119657|49.5034497028 17.1599367404 21.7609521588 17.1599367404 48.7959233346 30.7791322353 21.7609521588 30.7791322353 91.3665623895|
|20|486.590713504|10.3009255446 38.9167476157 0.157690152089|50.1329853486 10.3081291974 34.8069421365 10.3081291974 41.4159325215 13.0035823643 34.8069421365 13.0035823643 136.656472362|
|21|625.79459649|19.8182434038 48.8750410853 22.8349608017|33.136773597 2.6109827682 11.5834163777 2.6109827682 34.7766186377 26.3745911841 11.5834163777 26.3745911841 135.049124082|
