#|num|weight|mean|covariance matrix|
|0|1067.70075905|52.5573021816 31.0634587858 53.5394902901|16.6801630023 -1.06369685157 -8.26989292786 -1.06369685157 28.370059925 -3.18869948096 -8.26989292786 -3.18869948096 30.5278536834|
|1|1010.78713108|57.9705016141 46.3406671259 46.9706070718|11.5899326163 4.84241640346 -4.64445427787 4.84241640346 24.5823600795 -10.7128327602 -4.64445427787 -10.7128327602 22.1928482676|
|2|210.572298527|59.4440969537 40.4705464436 35.9467415522|23.0120825742 2.0400404444 -9.76733832829 2.0400404444 29.6794368453 -22.1140522331 -9.76733832829 -22.1140522331 47.767495272|
|3|1206.32151312|65.7460102541 39.2919948299 45.8586839413|12.4895292618 0.177420734167 -1.05486855104 0.177420734167 21.3572096488 -11.4058708461 -1.05486855104 -11.4058708461 27.0408963369|
|4|1833.67483698|61.1320647778 47.2831042459 26.9013995774|13.595504909 -3.23796502481 0.967309519862 -3.23796502481 41.2632033304 -26.2601936282 0.967309519862 -26.2601936282 31.3161659451|
|5|1625.27947071|51.899062141 43.8559408895 36.4782247021|13.8354168254 -4.05316812221 1.59999083524 -4.05316812221 45.1335162564 -35.0705400855 1.59999083524 -35.0705400855 45.0665053625|
|6|964.345657618|53.1895230259 36.3766884206 53.0187130902|19.8062917925 11.3253454102 -11.3658963326 11.3253454102 36.2977022153 -10.6422749814 -11.3658963326 -10.6422749814 30.9028736659|
|7|1232.78773294|60.5832269857 27.9353910824 53.5681444881|23.8054118802 4.24176217857 3.73836124284 4.24176217857 20.9724007868 -6.72540252676 3.73836124284 -6.72540252676 17.9434591544|
|8|394.453899964|54.0646216709 35.261599601 44.9669645644|19.3021940292 -2.85735219418 -1.79425559418 -2.85735219418 44.8164574507 -32.9214335662 -1.79425559418 -32.9214335662 50.6858043465|
